START TABLE: product_run_history
START METADATA:
table_name	field_name	is_identity	user_type_id	type_name	precision
PRODUCT_RUN_HISTORY	PRODUCT_RUN_HISTORY_ID	1	56	int	10
PRODUCT_RUN_HISTORY	EQUIPMENT_ID	0	56	int	10
PRODUCT_RUN_HISTORY	LANE_NO	0	56	int	10
PRODUCT_RUN_HISTORY	SETUP_ID	0	56	int	10
PRODUCT_RUN_HISTORY	START_TIME	0	56	int	10
PRODUCT_RUN_HISTORY	END_TIME	0	56	int	10
PRODUCT_RUN_HISTORY	STAGE_NO	0	56	int	10
PRODUCT_RUN_HISTORY	PLAN_CYCLE_TIME	0	108	numeric	38
PRODUCT_RUN_HISTORY	CYCLE_TIME1	0	108	numeric	38
PRODUCT_RUN_HISTORY	CYCLE_TIME2	0	108	numeric	38
PRODUCT_RUN_HISTORY	CYCLE_TIME3	0	108	numeric	38
PRODUCT_RUN_HISTORY	BOTTLENECK_MACHINE	0	56	int	10
PRODUCT_RUN_HISTORY	MOUNT_MODE	0	56	int	10
PRODUCT_RUN_HISTORY	ACTUAL_TIME	0	108	numeric	38
PRODUCT_RUN_HISTORY	PRODUCTION_TIME	0	108	numeric	38
END METADATA:
START DATA:
PRODUCT_RUN_HISTORY_ID	EQUIPMENT_ID	LANE_NO	SETUP_ID	START_TIME	END_TIME	STAGE_NO	PLAN_CYCLE_TIME	CYCLE_TIME1	CYCLE_TIME2	CYCLE_TIME3	BOTTLENECK_MACHINE	MOUNT_MODE	ACTUAL_TIME	PRODUCTION_TIME
11484	1010	1	17337	1376197258	1376205066	1	NULL	0	0	0	0	0	0	0
11485	1010	2	17335	1376197258	1376205038	1	NULL	0	0	0	0	0	0	0
11486	1011	1	17337	1376197258	1376205068	1	NULL	0	0	0	0	0	0	0
11487	1011	2	17335	1376197258	1376205039	1	NULL	0	0	0	0	0	0	0
11488	1012	1	17337	1376197258	1376205068	1	NULL	0	0	0	0	0	0	0
11489	1012	2	17335	1376197258	1376205041	1	NULL	0	0	0	0	0	0	0
11490	1013	1	17337	1376197258	1376205069	1	NULL	0	0	0	0	0	0	0
11491	1013	2	17335	1376197258	1376205039	1	NULL	0	0	0	0	0	0	0
11492	1014	1	17337	1376197258	1376205068	1	NULL	0	0	0	0	0	0	0
11493	1014	2	17335	1376197258	1376205040	1	NULL	0	0	0	0	0	0	0
11501	1010	2	17355	1376205038	1376347314	1	NULL	0	0	0	0	0	0	0
11502	1011	2	17355	1376205039	1376347316	1	NULL	0	0	0	0	0	0	0
11503	1013	2	17355	1376205039	1376347317	1	NULL	0	0	0	0	0	0	0
11504	1014	2	17355	1376205040	1376347317	1	NULL	0	0	0	0	0	0	0
11505	1012	2	17355	1376205041	1376347316	1	NULL	0	0	0	0	0	0	0
11506	1010	1	17357	1376205066	1376347288	1	NULL	0	0	0	0	0	0	0
11507	1014	1	17357	1376205068	1376347290	1	NULL	0	0	0	0	0	0	0
11508	1012	1	17357	1376205068	1376347291	1	NULL	0	0	0	0	0	0	0
11509	1011	1	17357	1376205068	1376347291	1	NULL	0	0	0	0	0	0	0
11510	1013	1	17357	1376205069	1376347291	1	NULL	0	0	0	0	0	0	0
11541	1010	1	17337	1376347288	1376430972	1	NULL	0	0	0	0	0	0	0
11542	1014	1	17337	1376347290	1376430977	1	NULL	0	0	0	0	0	0	0
11543	1013	1	17337	1376347291	1376430973	1	NULL	0	0	0	0	0	0	0
11544	1011	1	17337	1376347291	1376430974	1	NULL	0	0	0	0	0	0	0
11545	1012	1	17337	1376347291	1376430974	1	NULL	0	0	0	0	0	0	0
11546	1010	2	17335	1376347314	1376431013	1	NULL	0	0	0	0	0	0	0
11547	1012	2	17335	1376347316	1376431014	1	NULL	0	0	0	0	0	0	0
11548	1011	2	17335	1376347316	1376431014	1	NULL	0	0	0	0	0	0	0
11549	1014	2	17335	1376347317	1376431015	1	NULL	0	0	0	0	0	0	0
11550	1013	2	17335	1376347317	1376431015	1	NULL	0	0	0	0	0	0	0
11563	1010	1	17365	1376430972	1376541116	1	NULL	0	0	0	0	0	0	0
11564	1013	1	17365	1376430973	1376541117	1	NULL	0	0	0	0	0	0	0
11565	1011	1	17365	1376430974	1376541117	1	NULL	0	0	0	0	0	0	0
11566	1012	1	17365	1376430974	1376541118	1	NULL	0	0	0	0	0	0	0
11567	1014	1	17365	1376430977	1376541118	1	NULL	0	0	0	0	0	0	0
11568	1010	2	17363	1376431013	1376541081	1	NULL	0	0	0	0	0	0	0
11569	1012	2	17363	1376431014	1376541083	1	NULL	0	0	0	0	0	0	0
11570	1011	2	17363	1376431014	1376541082	1	NULL	0	0	0	0	0	0	0
11571	1014	2	17363	1376431015	1376541082	1	NULL	0	0	0	0	0	0	0
11572	1013	2	17363	1376431015	1376541082	1	NULL	0	0	0	0	0	0	0
11580	1010	2	17339	1376541081	1376664929	1	NULL	0	0	0	0	0	0	0
11581	1013	2	17339	1376541082	1376664930	1	NULL	0	0	0	0	0	0	0
11582	1011	2	17339	1376541082	1376664930	1	NULL	0	0	0	0	0	0	0
11583	1014	2	17339	1376541082	1376664931	1	NULL	0	0	0	0	0	0	0
11584	1012	2	17339	1376541083	1376664930	1	NULL	0	0	0	0	0	0	0
11585	1010	1	17341	1376541116	1376664955	1	NULL	0	0	0	0	0	0	0
11586	1013	1	17341	1376541117	1376664957	1	NULL	0	0	0	0	0	0	0
11587	1011	1	17341	1376541117	1376664956	1	NULL	0	0	0	0	0	0	0
11588	1012	1	17341	1376541118	1376664956	1	NULL	0	0	0	0	0	0	0
11589	1014	1	17341	1376541118	1376664956	1	NULL	0	0	0	0	0	0	0
11602	1010	2	17359	1376664929	1376756536	1	NULL	0	0	0	0	0	0	0
11603	1013	2	17359	1376664930	1376756538	1	NULL	0	0	0	0	0	0	0
11604	1011	2	17359	1376664930	1376756537	1	NULL	0	0	0	0	0	0	0
11605	1012	2	17359	1376664930	1376756538	1	NULL	0	0	0	0	0	0	0
11606	1014	2	17359	1376664931	1376756537	1	NULL	0	0	0	0	0	0	0
11607	1010	1	17361	1376664955	1376756510	1	NULL	0	0	0	0	0	0	0
11608	1011	1	17361	1376664956	1376756512	1	NULL	0	0	0	0	0	0	0
11609	1014	1	17361	1376664956	1376756511	1	NULL	0	0	0	0	0	0	0
11610	1012	1	17361	1376664956	1376756512	1	NULL	0	0	0	0	0	0	0
11611	1013	1	17361	1376664957	1376756512	1	NULL	0	0	0	0	0	0	0
11620	1010	1	17252	1376756510	1376769088	1	NULL	0	0	0	0	0	0	0
11621	1014	1	17252	1376756511	1376769090	1	NULL	0	0	0	0	0	0	0
11622	1011	1	17252	1376756512	1376769090	1	NULL	0	0	0	0	0	0	0
11623	1013	1	17252	1376756512	1376769090	1	NULL	0	0	0	0	0	0	0
11624	1012	1	17252	1376756512	1376769090	1	NULL	0	0	0	0	0	0	0
11625	1010	2	17250	1376756536	1376769054	1	NULL	0	0	0	0	0	0	0
11626	1014	2	17250	1376756537	1376769056	1	NULL	0	0	0	0	0	0	0
11627	1011	2	17250	1376756537	1376769055	1	NULL	0	0	0	0	0	0	0
11628	1012	2	17250	1376756538	1376769056	1	NULL	0	0	0	0	0	0	0
11629	1013	2	17250	1376756538	1376769056	1	NULL	0	0	0	0	0	0	0
11635	1010	2	17258	1376769054	1376771832	1	NULL	0	0	0	0	0	0	0
11636	1011	2	17258	1376769055	1376771833	1	NULL	0	0	0	0	0	0	0
11637	1014	2	17258	1376769056	1376771833	1	NULL	0	0	0	0	0	0	0
11638	1013	2	17258	1376769056	1376771833	1	NULL	0	0	0	0	0	0	0
11639	1012	2	17258	1376769056	1376771834	1	NULL	0	0	0	0	0	0	0
11640	1010	1	17260	1376769088	1376771852	1	NULL	0	0	0	0	0	0	0
11641	1011	1	17260	1376769090	1376771854	1	NULL	0	0	0	0	0	0	0
11642	1013	1	17260	1376769090	1376771854	1	NULL	0	0	0	0	0	0	0
11643	1014	1	17260	1376769090	1376771853	1	NULL	0	0	0	0	0	0	0
11644	1012	1	17260	1376769090	1376771853	1	NULL	0	0	0	0	0	0	0
11645	1010	2	17254	1376771832	1376909198	1	NULL	0	0	0	0	0	0	0
11646	1014	2	17254	1376771833	1376909200	1	NULL	0	0	0	0	0	0	0
11647	1011	2	17254	1376771833	1376909200	1	NULL	0	0	0	0	0	0	0
11648	1013	2	17254	1376771833	1376909200	1	NULL	0	0	0	0	0	0	0
11649	1012	2	17254	1376771834	1376909200	1	NULL	0	0	0	0	0	0	0
11650	1010	1	17256	1376771852	1376909173	1	NULL	0	0	0	0	0	0	0
11651	1012	1	17256	1376771853	1376909174	1	NULL	0	0	0	0	0	0	0
11652	1014	1	17256	1376771853	1376909174	1	NULL	0	0	0	0	0	0	0
11653	1013	1	17256	1376771854	1376909174	1	NULL	0	0	0	0	0	0	0
11654	1011	1	17256	1376771854	1376909174	1	NULL	0	0	0	0	0	0	0
11672	1010	1	17369	1376909173	1376984944	1	NULL	0	0	0	0	0	0	0
11673	1012	1	17369	1376909174	1376984946	1	NULL	0	0	0	0	0	0	0
11674	1014	1	17369	1376909174	1376984945	1	NULL	0	0	0	0	0	0	0
11675	1013	1	17369	1376909174	1376984945	1	NULL	0	0	0	0	0	0	0
11676	1011	1	17369	1376909174	1376984945	1	NULL	0	0	0	0	0	0	0
11677	1010	2	17367	1376909198	1376984976	1	NULL	0	0	0	0	0	0	0
11678	1012	2	17367	1376909200	1376984978	1	NULL	0	0	0	0	0	0	0
11679	1013	2	17367	1376909200	1376984978	1	NULL	0	0	0	0	0	0	0
11680	1014	2	17367	1376909200	1376984978	1	NULL	0	0	0	0	0	0	0
11681	1011	2	17367	1376909200	1376984978	1	NULL	0	0	0	0	0	0	0
11700	1010	1	17365	1376984944	1377027113	1	NULL	0	0	0	0	0	0	0
11701	1014	1	17365	1376984945	1377027115	1	NULL	0	0	0	0	0	0	0
11702	1011	1	17365	1376984945	1377027115	1	NULL	0	0	0	0	0	0	0
11703	1013	1	17365	1376984945	1377027114	1	NULL	0	0	0	0	0	0	0
11704	1012	1	17365	1376984946	1377027115	1	NULL	0	0	0	0	0	0	0
11705	1010	2	17363	1376984976	1377027074	1	NULL	0	0	0	0	0	0	0
11706	1012	2	17363	1376984978	1377027076	1	NULL	0	0	0	0	0	0	0
11707	1014	2	17363	1376984978	1377027075	1	NULL	0	0	0	0	0	0	0
11708	1013	2	17363	1376984978	1377027075	1	NULL	0	0	0	0	0	0	0
11709	1011	2	17363	1376984978	1377027075	1	NULL	0	0	0	0	0	0	0
11720	1010	2	17254	1377027074	1377162618	1	NULL	0	0	0	0	0	0	0
11721	1013	2	17254	1377027075	1377162620	1	NULL	0	0	0	0	0	0	0
11722	1014	2	17254	1377027075	1377162619	1	NULL	0	0	0	0	0	0	0
11723	1011	2	17254	1377027075	1377162619	1	NULL	0	0	0	0	0	0	0
11724	1012	2	17254	1377027076	1377162619	1	NULL	0	0	0	0	0	0	0
11725	1010	1	17256	1377027113	1377162591	1	NULL	0	0	0	0	0	0	0
11726	1013	1	17256	1377027114	1377162592	1	NULL	0	0	0	0	0	0	0
11727	1012	1	17256	1377027115	1377162593	1	NULL	0	0	0	0	0	0	0
11728	1014	1	17256	1377027115	1377162593	1	NULL	0	0	0	0	0	0	0
11729	1011	1	17256	1377027115	1377162592	1	NULL	0	0	0	0	0	0	0
11778	1025	1	17379	1377217763	1377611669	1	NULL	0	0	0	0	0	0	0
11860	1025	1	-1	1377611669	2147483647	1	NULL	0	0	0	0	0	0	0
11908	1039	2	17468	1377715786	1377716295	1	NULL	0	0	0	0	0	0	0
11909	1039	2	17500	1377716295	2147483647	1	NULL	0	0	0	0	0	0	0
11511	1025	1	16907	1376215146	1376216004	1	NULL	0	0	0	0	0	0	0
11512	1025	1	17379	1376216004	1376343927	1	NULL	0	0	0	0	0	0	0
11798	1026	1	17407	1377323600	1377447638	1	NULL	0	0	0	0	0	0	0
11799	1028	1	17407	1377323602	1377447699	1	NULL	0	0	0	0	0	0	0
11800	1029	1	17407	1377323602	1377447704	1	NULL	0	0	0	0	0	0	0
11801	1027	1	17407	1377323602	1377447663	1	NULL	0	0	0	0	0	0	0
11802	1030	1	17407	1377323602	1377447709	1	NULL	0	0	0	0	0	0	0
11813	1026	1	17329	1377447638	1377589255	1	NULL	0	0	0	0	0	0	0
11814	1027	1	17329	1377447663	1377589257	1	NULL	0	0	0	0	0	0	0
11815	1028	1	17329	1377447699	1377589258	1	NULL	0	0	0	0	0	0	0
11816	1029	1	17329	1377447704	1377589257	1	NULL	0	0	0	0	0	0	0
11817	1030	1	17329	1377447709	1377589257	1	NULL	0	0	0	0	0	0	0
11855	1026	1	17333	1377589255	1377646025	1	NULL	0	0	0	0	0	0	0
11856	1027	1	17333	1377589257	1377646027	1	NULL	0	0	0	0	0	0	0
11857	1029	1	17333	1377589257	1377646026	1	NULL	0	0	0	0	0	0	0
11858	1030	1	17333	1377589257	1377646026	1	NULL	0	0	0	0	0	0	0
11859	1028	1	17333	1377589258	1377646026	1	NULL	0	0	0	0	0	0	0
11884	1026	1	17323	1377646025	1377677505	1	NULL	0	0	0	0	0	0	0
11885	1029	1	17323	1377646026	1377677506	1	NULL	0	0	0	0	0	0	0
11886	1030	1	17323	1377646026	1377677506	1	NULL	0	0	0	0	0	0	0
11887	1028	1	17323	1377646026	1377677506	1	NULL	0	0	0	0	0	0	0
11888	1027	1	17323	1377646027	1377677507	1	NULL	0	0	0	0	0	0	0
11890	1026	1	17218	1377677505	2147483647	1	NULL	0	0	0	0	0	0	0
11891	1029	1	17218	1377677506	2147483647	1	NULL	0	0	0	0	0	0	0
11892	1028	1	17218	1377677506	2147483647	1	NULL	0	0	0	0	0	0	0
11893	1030	1	17218	1377677506	2147483647	1	NULL	0	0	0	0	0	0	0
11894	1027	1	17218	1377677507	2147483647	1	NULL	0	0	0	0	0	0	0
11910	1010	2	17254	1377749638	2147483647	1	NULL	20.85	47.76	20.87	0	0	25509.95	63866.39
11911	1012	2	17254	1377749639	2147483647	1	NULL	22.41	41.54	22.71	0	0	27566.53	64599.43
11912	1013	2	17254	1377749639	2147483647	1	NULL	26.22	59.44	26.22	0	0	31338.51	64636.76
11913	1014	2	17254	1377749640	2147483647	1	NULL	14.84	37.27	14.84	0	0	16125.48	64484.64
11914	1011	2	17254	1377749640	2147483647	1	NULL	21.17	89.81	21.64	0	0	25575.92	64362.55
11915	1010	1	17256	1377749678	2147483647	1	NULL	16.89	38.42	16.91	0	0	18336.38	63883.63
11916	1014	1	17256	1377749679	2147483647	1	NULL	21.37	37	21.37	0	0	22632.2	64506.4
11917	1011	1	17256	1377749680	2147483647	1	NULL	17.93	89.78	18.4	0	0	19149.09	64382.09
11918	1013	1	17256	1377749680	2147483647	1	NULL	19.07	45.8	19.07	0	0	20721.46	64656.09
11919	1012	1	17256	1377749680	2147483647	1	NULL	18.14	41.44	18.14	0	0	19769.98	64617.87
11494	1026	1	16437	1376197299	1376262775	1	NULL	0	0	0	0	0	0	0
11495	1027	1	16437	1376197299	1376262777	1	NULL	0	0	0	0	0	0	0
11496	1028	1	16435	1376197299	1376262776	1	NULL	0	0	0	0	0	0	0
11497	1028	2	16437	1376197299	2147483647	1	NULL	0	0	0	0	0	0	0
11498	1029	1	16435	1376197299	1376262777	1	NULL	0	0	0	0	0	0	0
11499	1029	2	16437	1376197299	2147483647	1	NULL	0	0	0	0	0	0	0
11500	1030	1	16437	1376197299	1376262776	1	NULL	0	0	0	0	0	0	0
11515	1026	1	17343	1376262775	1376271787	1	NULL	0	0	0	0	0	0	0
11516	1030	1	17343	1376262776	1376271828	1	NULL	0	0	0	0	0	0	0
11517	1028	1	17343	1376262776	1376271829	1	NULL	0	0	0	0	0	0	0
11518	1027	1	17343	1376262777	1376271807	1	NULL	0	0	0	0	0	0	0
11519	1029	1	17343	1376262777	1376271829	1	NULL	0	0	0	0	0	0	0
11520	1026	1	17345	1376271787	1376277429	1	NULL	0	0	0	0	0	0	0
11521	1027	1	17345	1376271807	1376277431	1	NULL	0	0	0	0	0	0	0
11522	1030	1	17345	1376271828	1376277430	1	NULL	0	0	0	0	0	0	0
11523	1029	1	17345	1376271829	1376277431	1	NULL	0	0	0	0	0	0	0
11524	1028	1	17345	1376271829	1376277430	1	NULL	0	0	0	0	0	0	0
11803	1010	2	17367	1377441913	1377539102	1	NULL	0	0	0	0	0	0	0
11804	1014	2	17367	1377441915	1377539104	1	NULL	0	0	0	0	0	0	0
11805	1013	2	17367	1377441915	1377539104	1	NULL	0	0	0	0	0	0	0
11806	1011	2	17367	1377441915	1377539104	1	NULL	0	0	0	0	0	0	0
11807	1012	2	17367	1377441916	1377539105	1	NULL	0	0	0	0	0	0	0
11808	1010	1	17369	1377442133	1377539026	1	NULL	0	0	0	0	0	0	0
11809	1014	1	17369	1377442134	1377539029	1	NULL	0	0	0	0	0	0	0
11810	1011	1	17369	1377442134	1377539027	1	NULL	0	0	0	0	0	0	0
11811	1013	1	17369	1377442135	1377539028	1	NULL	0	0	0	0	0	0	0
11812	1012	1	17369	1377442135	1377539028	1	NULL	0	0	0	0	0	0	0
11833	1010	1	17357	1377539026	1377619674	1	NULL	0	0	0	0	0	0	0
11834	1011	1	17357	1377539027	1377619675	1	NULL	0	0	0	0	0	0	0
11835	1013	1	17357	1377539028	1377619675	1	NULL	0	0	0	0	0	0	0
11836	1012	1	17357	1377539028	1377619676	1	NULL	0	0	0	0	0	0	0
11837	1014	1	17357	1377539029	1377619676	1	NULL	0	0	0	0	0	0	0
11838	1010	2	17355	1377539102	1377619695	1	NULL	0	0	0	0	0	0	0
11839	1011	2	17355	1377539104	1377619697	1	NULL	0	0	0	0	0	0	0
11840	1013	2	17355	1377539104	1377619696	1	NULL	0	0	0	0	0	0	0
11841	1014	2	17355	1377539104	1377619697	1	NULL	0	0	0	0	0	0	0
11842	1012	2	17355	1377539105	1377619697	1	NULL	0	0	0	0	0	0	0
11862	1010	1	17260	1377619674	1377749678	1	NULL	0	0	0	0	0	0	0
11863	1013	1	17260	1377619675	1377749680	1	NULL	0	0	0	0	0	0	0
11864	1011	1	17260	1377619675	1377749680	1	NULL	0	0	0	0	0	0	0
11865	1012	1	17260	1377619676	1377749680	1	NULL	0	0	0	0	0	0	0
11866	1014	1	17260	1377619676	1377749679	1	NULL	0	0	0	0	0	0	0
11867	1010	2	17258	1377619695	1377749638	1	NULL	0	0	0	0	0	0	0
11868	1013	2	17258	1377619696	1377749639	1	NULL	0	0	0	0	0	0	0
11869	1011	2	17258	1377619697	1377749640	1	NULL	0	0	0	0	0	0	0
11870	1012	2	17258	1377619697	1377749639	1	NULL	0	0	0	0	0	0	0
11871	1014	2	17258	1377619697	1377749640	1	NULL	0	0	0	0	0	0	0
11551	1024	1	-1	1376349747	1376431842	1	NULL	0	0	0	0	0	0	0
11573	1024	1	17380	1376431842	1376542012	1	NULL	0	0	0	0	0	0	0
11590	1024	1	-1	1376542012	1376668547	1	NULL	0	0	0	0	0	0	0
11612	1024	1	17380	1376668547	1376756127	1	NULL	0	0	0	0	0	0	0
11619	1024	1	-1	1376756127	1376909139	1	NULL	0	0	0	0	0	0	0
11671	1024	1	17380	1376909139	1377027842	1	NULL	0	0	0	0	0	0	0
11730	1024	1	-1	1377027842	1377162237	1	NULL	0	0	0	0	0	0	0
11756	1024	1	17380	1377162237	1377619262	1	NULL	0	0	0	0	0	0	0
11454	1026	1	17347	1375623593	1375716519	1	NULL	0	0	0	0	0	0	0
11455	1029	1	17347	1375623594	1375716522	1	NULL	0	0	0	0	0	0	0
11456	1030	1	17347	1375623594	1375716522	1	NULL	0	0	0	0	0	0	0
11457	1028	1	17347	1375623595	1375716522	1	NULL	0	0	0	0	0	0	0
11458	1027	1	17347	1375623595	1375716522	1	NULL	0	0	0	0	0	0	0
11459	1026	1	17349	1375716519	1376197299	1	NULL	0	0	0	0	0	0	0
11460	1030	1	17349	1375716522	1376197299	1	NULL	0	0	0	0	0	0	0
11461	1029	1	17349	1375716522	1376197299	1	NULL	0	0	0	0	0	0	0
11462	1027	1	17349	1375716522	1376197299	1	NULL	0	0	0	0	0	0	0
11463	1028	1	17349	1375716522	1376197299	1	NULL	0	0	0	0	0	0	0
11692	1042	1	17427	1376982509	1377145751	1	NULL	0	0	0	0	0	0	0
11693	1042	2	17425	1376982509	1377146043	1	NULL	0	0	0	0	0	0	0
11694	1045	1	17427	1376982509	1377145750	1	NULL	0	0	0	0	0	0	0
11695	1045	2	17425	1376982509	1377146045	1	NULL	0	0	0	0	0	0	0
11696	1048	1	17427	1376982509	1377145752	1	NULL	0	0	0	0	0	0	0
11697	1048	2	17425	1376982509	1377146044	1	NULL	0	0	0	0	0	0	0
11698	1051	1	17427	1376982509	1377145751	1	NULL	0	0	0	0	0	0	0
11699	1051	2	17425	1376982509	1377146044	1	NULL	0	0	0	0	0	0	0
11710	1049	1	17427	1376993644	1377145752	1	NULL	0	0	0	0	0	0	0
11711	1050	1	17427	1376993644	1377145752	1	NULL	0	0	0	0	0	0	0
11712	1049	2	17425	1376993660	1377146044	1	NULL	0	0	0	0	0	0	0
11713	1050	2	17425	1376993666	1377146044	1	NULL	0	0	0	0	0	0	0
11513	1024	1	16653	1376216200	1376216396	1	NULL	0	0	0	0	0	0	0
11514	1024	1	17380	1376216396	1376349747	1	NULL	0	0	0	0	0	0	0
11861	1024	1	-1	1377619262	2147483647	1	NULL	0	0	0	0	0	0	0
11779	1050	1	17441	1377236220	1377236721	1	NULL	0	0	0	0	0	0	0
11780	1050	2	17441	1377236669	1377237954	1	NULL	0	0	0	0	0	0	0
11781	1050	1	17443	1377236721	1377237920	1	NULL	0	0	0	0	0	0	0
11782	1050	1	17435	1377237920	1377299738	1	NULL	0	0	0	0	0	0	0
11783	1050	2	17433	1377237954	1377299765	1	NULL	0	0	0	0	0	0	0
11784	1039	2	17468	1377295663	1377455002	1	NULL	0	0	0	0	0	0	0
11785	1042	2	17425	1377299692	1377460320	1	NULL	0	0	0	0	0	0	0
11786	1045	2	17425	1377299695	1377460320	1	NULL	0	0	0	0	0	0	0
11787	1050	1	17427	1377299738	1377460244	1	NULL	0	0	0	0	0	0	0
11788	1042	1	17427	1377299738	1377460242	1	NULL	0	0	0	0	0	0	0
11789	1048	1	17427	1377299738	1377460243	1	NULL	0	0	0	0	0	0	0
11790	1049	1	17427	1377299738	1377460243	1	NULL	0	0	0	0	0	0	0
11791	1045	1	17427	1377299739	1377460244	1	NULL	0	0	0	0	0	0	0
11792	1051	1	17427	1377299739	1377460243	1	NULL	0	0	0	0	0	0	0
11793	1048	2	17425	1377299752	1377460320	1	NULL	0	0	0	0	0	0	0
11794	1049	2	17425	1377299760	1377460321	1	NULL	0	0	0	0	0	0	0
11795	1050	2	17425	1377299765	1377460320	1	NULL	0	0	0	0	0	0	0
11796	1051	2	17425	1377299772	1377460320	1	NULL	0	0	0	0	0	0	0
11797	1039	1	17465	1377303437	1377460838	1	NULL	0	0	0	0	0	0	0
11818	1039	2	17482	1377455002	1377672013	1	NULL	0	0	0	0	0	0	0
11819	1042	1	17443	1377460242	1377569019	1	NULL	0	0	0	0	0	0	0
11820	1051	1	17443	1377460243	1377569019	1	NULL	0	0	0	0	0	0	0
11821	1049	1	17443	1377460243	1377569019	1	NULL	0	0	0	0	0	0	0
11822	1048	1	17443	1377460243	1377569019	1	NULL	0	0	0	0	0	0	0
11823	1045	1	17443	1377460244	1377569019	1	NULL	0	0	0	0	0	0	0
11824	1050	1	17443	1377460244	1377569019	1	NULL	0	0	0	0	0	0	0
11825	1045	2	17441	1377460320	1377568985	1	NULL	0	0	0	0	0	0	0
11826	1042	2	17441	1377460320	1377568984	1	NULL	0	0	0	0	0	0	0
11827	1048	2	17441	1377460320	1377568985	1	NULL	0	0	0	0	0	0	0
11828	1050	2	17441	1377460320	1377568986	1	NULL	0	0	0	0	0	0	0
11829	1051	2	17441	1377460320	1377568986	1	NULL	0	0	0	0	0	0	0
11830	1049	2	17441	1377460321	1377568986	1	NULL	0	0	0	0	0	0	0
11831	1039	1	17471	1377460838	1377467412	1	NULL	0	0	0	0	0	0	0
11832	1039	1	17481	1377467412	1377682311	1	NULL	0	0	0	0	0	0	0
11843	1042	2	17445	1377568984	1377623021	1	NULL	0	0	0	0	0	0	0
11844	1045	2	17445	1377568985	1377623023	1	NULL	0	0	0	0	0	0	0
11845	1048	2	17445	1377568985	1377623022	1	NULL	0	0	0	0	0	0	0
11846	1049	2	17445	1377568986	1377623023	1	NULL	0	0	0	0	0	0	0
11847	1050	2	17445	1377568986	1377623022	1	NULL	0	0	0	0	0	0	0
11848	1051	2	17445	1377568986	1377623023	1	NULL	0	0	0	0	0	0	0
11849	1042	1	17447	1377569019	1377622974	1	NULL	0	0	0	0	0	0	0
11850	1045	1	17447	1377569019	1377622975	1	NULL	0	0	0	0	0	0	0
11851	1048	1	17447	1377569019	1377622974	1	NULL	0	0	0	0	0	0	0
11852	1049	1	17447	1377569019	1377622973	1	NULL	0	0	0	0	0	0	0
11853	1050	1	17447	1377569019	1377622975	1	NULL	0	0	0	0	0	0	0
11854	1051	1	17447	1377569019	1377622976	1	NULL	0	0	0	0	0	0	0
11872	1049	1	17493	1377622973	1377683037	1	NULL	0	0	0	0	0	0	0
11873	1048	1	17493	1377622974	1377683043	1	NULL	0	0	0	0	0	0	0
11874	1042	1	17493	1377622974	1377683033	1	NULL	0	0	0	0	0	0	0
11875	1045	1	17493	1377622975	1377683036	1	NULL	0	0	0	0	0	0	0
11876	1050	1	17493	1377622975	1377683036	1	NULL	0	0	0	0	0	0	0
11877	1051	1	17493	1377622976	1377683043	1	NULL	0	0	0	0	0	0	0
11878	1042	2	17491	1377623021	1377682976	1	NULL	0	0	0	0	0	0	0
11879	1050	2	17491	1377623022	1377682977	1	NULL	0	0	0	0	0	0	0
11880	1048	2	17491	1377623022	1377682978	1	NULL	0	0	0	0	0	0	0
11881	1051	2	17491	1377623023	1377682979	1	NULL	0	0	0	0	0	0	0
11882	1045	2	17491	1377623023	1377682979	1	NULL	0	0	0	0	0	0	0
11883	1049	2	17491	1377623023	1377682980	1	NULL	0	0	0	0	0	0	0
11889	1039	2	17500	1377672013	1377715786	1	NULL	0	0	0	0	0	0	0
11895	1039	1	17499	1377682311	2147483647	1	NULL	0	0	0	0	0	0	0
11896	1042	2	17453	1377682976	2147483647	1	NULL	0	0	0	0	0	0	0
11897	1050	2	17453	1377682977	2147483647	1	NULL	0	0	0	0	0	0	0
11898	1048	2	17453	1377682978	2147483647	1	NULL	0	0	0	0	0	0	0
11899	1051	2	17453	1377682979	2147483647	1	NULL	0	0	0	0	0	0	0
11900	1045	2	17453	1377682979	2147483647	1	NULL	0	0	0	0	0	0	0
11901	1049	2	17453	1377682980	2147483647	1	NULL	0	0	0	0	0	0	0
11902	1042	1	17455	1377683033	2147483647	1	NULL	0	0	0	0	0	0	0
11903	1045	1	17455	1377683036	2147483647	1	NULL	0	0	0	0	0	0	0
11904	1050	1	17455	1377683036	2147483647	1	NULL	0	0	0	0	0	0	0
11905	1049	1	17455	1377683037	2147483647	1	NULL	0	0	0	0	0	0	0
11906	1048	1	17455	1377683043	2147483647	1	NULL	0	0	0	0	0	0	0
11907	1051	1	17455	1377683043	2147483647	1	NULL	0	0	0	0	0	0	0
11540	1025	1	-1	1376343927	1376426726	1	NULL	0	0	0	0	0	0	0
11562	1025	1	17379	1376426726	1376534566	1	NULL	0	0	0	0	0	0	0
11579	1025	1	-1	1376534566	1376656863	1	NULL	0	0	0	0	0	0	0
11601	1025	1	17379	1376656863	1376756050	1	NULL	0	0	0	0	0	0	0
11618	1025	1	-1	1376756050	1376902043	1	NULL	0	0	0	0	0	0	0
11665	1025	1	17379	1376902043	1377022930	1	NULL	0	0	0	0	0	0	0
11719	1025	1	-1	1377022930	1377217763	1	NULL	0	0	0	0	0	0	0
8001	1026	2	-1	1367199795	2147483647	1	NULL	0	0	0	0	0	0	0
8003	1027	2	-1	1367199800	2147483647	1	NULL	0	0	0	0	0	0	0
8005	1028	2	-1	1367199813	1376197299	1	NULL	0	0	0	0	0	0	0
8007	1029	2	-1	1367199832	1376197299	1	NULL	0	0	0	0	0	0	0
8009	1030	2	-1	1367199842	2147483647	1	NULL	0	0	0	0	0	0	0
11731	1039	1	-1	1377047438	1377069983	1	NULL	0	0	0	0	0	0	0
11732	1039	2	-1	1377047438	1377070214	1	NULL	0	0	0	0	0	0	0
11733	1039	1	17465	1377069983	1377164600	1	NULL	0	0	0	0	0	0	0
11734	1039	2	17468	1377070214	1377072032	1	NULL	0	0	0	0	0	0	0
11735	1039	2	17470	1377072032	1377072039	1	NULL	0	0	0	0	0	0	0
11736	1039	2	17468	1377072039	1377139870	1	NULL	0	0	0	0	0	0	0
11742	1039	2	-1	1377139870	1377145337	1	NULL	0	0	0	0	0	0	0
11743	1039	2	17472	1377145337	1377295663	1	NULL	0	0	0	0	0	0	0
11744	1045	1	17435	1377145750	1377299739	1	NULL	0	0	0	0	0	0	0
11745	1051	1	17435	1377145751	1377299739	1	NULL	0	0	0	0	0	0	0
11746	1042	1	17435	1377145751	1377299738	1	NULL	0	0	0	0	0	0	0
11747	1048	1	17435	1377145752	1377299738	1	NULL	0	0	0	0	0	0	0
11748	1049	1	17435	1377145752	1377299738	1	NULL	0	0	0	0	0	0	0
11749	1050	1	17435	1377145752	1377236220	1	NULL	0	0	0	0	0	0	0
11750	1042	2	17433	1377146043	1377299692	1	NULL	0	0	0	0	0	0	0
11751	1051	2	17433	1377146044	1377299772	1	NULL	0	0	0	0	0	0	0
11752	1050	2	17433	1377146044	1377236669	1	NULL	0	0	0	0	0	0	0
11753	1048	2	17433	1377146044	1377299752	1	NULL	0	0	0	0	0	0	0
11754	1049	2	17433	1377146044	1377299760	1	NULL	0	0	0	0	0	0	0
11755	1045	2	17433	1377146045	1377299695	1	NULL	0	0	0	0	0	0	0
11772	1039	1	17471	1377164600	1377303437	1	NULL	0	0	0	0	0	0	0
10477	1014	2	17282	1372131282	1372330966	1	NULL	0	0	0	0	0	0	0
10478	1011	2	17282	1372131282	1372330966	1	NULL	0	0	0	0	0	0	0
10480	1013	2	17282	1372131282	1372330966	1	NULL	0	0	0	0	0	0	0
10521	1037	1	17203	1372160851	1372191505	1	NULL	0	0	0	0	0	0	0
10528	1037	1	17168	1372191505	1372191505	1	NULL	0	0	0	0	0	0	0
10532	1028	1	16431	1372192019	1372224368	1	NULL	0	0	0	0	0	0	0
10533	1029	1	16431	1372192019	1372224368	1	NULL	0	0	0	0	0	0	0
10534	1030	1	16431	1372192020	1372224367	1	NULL	0	0	0	0	0	0	0
10535	1027	1	16431	1372192020	1372224368	1	NULL	0	0	0	0	0	0	0
10536	1037	1	17151	1372223812	1372259037	1	NULL	0	0	0	0	0	0	0
10538	1026	1	16936	1372224362	1372224362	1	NULL	0	0	0	0	0	0	0
10539	1026	1	16936	1372224362	1372224362	1	NULL	0	0	0	0	0	0	0
10547	1029	1	16936	1372224368	1372259694	1	NULL	0	0	0	0	0	0	0
10548	1037	1	17169	1372259037	1372259037	1	NULL	0	0	0	0	0	0	0
10561	1037	1	-1	1372288606	1372288606	1	NULL	0	0	0	0	0	0	0
10566	1026	1	17217	1372289773	1372289773	1	NULL	0	0	0	0	0	0	0
10574	1010	2	-1	1372330957	1372330957	1	NULL	0	0	0	0	0	0	0
10577	1010	2	-1	1372330957	1372330957	1	NULL	0	0	0	0	0	0	0
10583	1010	2	-1	1372330957	1372330957	1	NULL	0	0	0	0	0	0	0
10585	1010	2	-1	1372330957	1372330998	1	NULL	0	0	0	0	0	0	0
10590	1012	2	-1	1372330966	1372331002	1	NULL	0	0	0	0	0	0	0
10596	1010	2	17226	1372330998	1372376502	1	NULL	0	0	0	0	0	0	0
10597	1012	2	17226	1372331002	1372376508	1	NULL	0	0	0	0	0	0	0
10600	1011	2	17226	1372331003	1372376507	1	NULL	0	0	0	0	0	0	0
10611	1026	1	16954	1372356261	1372356261	1	NULL	0	0	0	0	0	0	0
10613	1027	1	16954	1372356266	1372367537	1	NULL	0	0	0	0	0	0	0
10614	1029	1	16954	1372356266	1372367538	1	NULL	0	0	0	0	0	0	0
10615	1028	1	16954	1372356266	1372367538	1	NULL	0	0	0	0	0	0	0
10616	1030	1	16954	1372356313	1372367538	1	NULL	0	0	0	0	0	0	0
10620	1026	1	17274	1372367533	1372367533	1	NULL	0	0	0	0	0	0	0
10635	1010	1	-1	1372376490	1372376490	1	NULL	0	0	0	0	0	0	0
10652	1025	1	-1	1372406664	1372587185	1	NULL	0	0	0	0	0	0	0
10653	1024	1	-1	1372414618	1372593430	1	NULL	0	0	0	0	0	0	0
10654	1026	1	17276	1372486575	1372557051	1	NULL	0	0	0	0	0	0	0
10655	1027	1	17276	1372486579	1372557054	1	NULL	0	0	0	0	0	0	0
10656	1029	1	17276	1372486579	1372557054	1	NULL	0	0	0	0	0	0	0
10657	1030	1	17276	1372486580	1372557054	1	NULL	0	0	0	0	0	0	0
10658	1028	1	17276	1372486580	1372557054	1	NULL	0	0	0	0	0	0	0
10659	1010	1	-1	1372530987	1372531033	1	NULL	0	0	0	0	0	0	0
10660	1010	2	17254	1372531004	1372593608	1	NULL	0	0	0	0	0	0	0
10661	1012	1	-1	1372531006	1372531038	1	NULL	0	0	0	0	0	0	0
10662	1013	1	-1	1372531006	1372531038	1	NULL	0	0	0	0	0	0	0
10663	1011	1	-1	1372531006	1372531039	1	NULL	0	0	0	0	0	0	0
10664	1014	1	-1	1372531006	1372531038	1	NULL	0	0	0	0	0	0	0
10665	1014	2	17254	1372531008	1372593617	1	NULL	0	0	0	0	0	0	0
10666	1012	2	17254	1372531008	1372593617	1	NULL	0	0	0	0	0	0	0
10667	1011	2	17254	1372531008	1372593617	1	NULL	0	0	0	0	0	0	0
10668	1013	2	17254	1372531008	1372593617	1	NULL	0	0	0	0	0	0	0
10669	1010	1	17256	1372531033	1372593617	1	NULL	0	0	0	0	0	0	0
10670	1013	1	17256	1372531038	1372593621	1	NULL	0	0	0	0	0	0	0
10671	1014	1	17256	1372531038	1372593622	1	NULL	0	0	0	0	0	0	0
10672	1012	1	17256	1372531038	1372593621	1	NULL	0	0	0	0	0	0	0
10673	1011	1	17256	1372531039	1372593621	1	NULL	0	0	0	0	0	0	0
10674	1026	1	17217	1372557051	1372704078	1	NULL	0	0	0	0	0	0	0
10675	1030	1	17217	1372557054	1372704085	1	NULL	0	0	0	0	0	0	0
10676	1027	1	17217	1372557054	1372704085	1	NULL	0	0	0	0	0	0	0
10677	1029	1	17217	1372557054	1372704084	1	NULL	0	0	0	0	0	0	0
10678	1028	1	17217	1372557054	1372704085	1	NULL	0	0	0	0	0	0	0
10679	1025	1	16908	1372587185	1372679981	1	NULL	0	0	0	0	0	0	0
10680	1024	1	16439	1372593430	1372687762	1	NULL	0	0	0	0	0	0	0
10681	1010	2	-1	1372593608	1372593644	1	NULL	0	0	0	0	0	0	0
10682	1010	1	17228	1372593617	1372686785	1	NULL	0	0	0	0	0	0	0
10683	1013	2	-1	1372593617	1372593648	1	NULL	0	0	0	0	0	0	0
10684	1011	2	-1	1372593617	1372593648	1	NULL	0	0	0	0	0	0	0
10685	1012	2	-1	1372593617	1372593648	1	NULL	0	0	0	0	0	0	0
10686	1014	2	-1	1372593617	1372593648	1	NULL	0	0	0	0	0	0	0
10687	1011	1	17228	1372593621	1372686793	1	NULL	0	0	0	0	0	0	0
10688	1013	1	17228	1372593621	1372686794	1	NULL	0	0	0	0	0	0	0
10689	1012	1	17228	1372593621	1372686793	1	NULL	0	0	0	0	0	0	0
10690	1014	1	17228	1372593622	1372686794	1	NULL	0	0	0	0	0	0	0
10691	1010	2	17226	1372593644	1372686793	1	NULL	0	0	0	0	0	0	0
10692	1013	2	17226	1372593648	1372686798	1	NULL	0	0	0	0	0	0	0
10693	1014	2	17226	1372593648	1372686797	1	NULL	0	0	0	0	0	0	0
10694	1011	2	17226	1372593648	1372686797	1	NULL	0	0	0	0	0	0	0
10695	1012	2	17226	1372593648	1372686797	1	NULL	0	0	0	0	0	0	0
10696	1025	1	17201	1372679981	1372899419	1	NULL	0	0	0	0	0	0	0
10697	1010	1	-1	1372686785	1372686817	1	NULL	0	0	0	0	0	0	0
10698	1010	2	17282	1372686793	1372907153	1	NULL	0	0	0	0	0	0	0
10699	1011	1	-1	1372686793	1372686822	1	NULL	0	0	0	0	0	0	0
10700	1012	1	-1	1372686793	1372686821	1	NULL	0	0	0	0	0	0	0
10701	1014	1	-1	1372686794	1372686821	1	NULL	0	0	0	0	0	0	0
10702	1013	1	-1	1372686794	1372686822	1	NULL	0	0	0	0	0	0	0
10703	1012	2	17282	1372686797	1372907164	1	NULL	0	0	0	0	0	0	0
10704	1011	2	17282	1372686797	1372907164	1	NULL	0	0	0	0	0	0	0
10705	1014	2	17282	1372686797	1372907164	1	NULL	0	0	0	0	0	0	0
10706	1013	2	17282	1372686798	1372907164	1	NULL	0	0	0	0	0	0	0
10707	1010	1	17280	1372686817	1372907164	1	NULL	0	0	0	0	0	0	0
10708	1014	1	17280	1372686821	1372907168	1	NULL	0	0	0	0	0	0	0
10709	1012	1	17280	1372686821	1372907169	1	NULL	0	0	0	0	0	0	0
10710	1013	1	17280	1372686822	1372907169	1	NULL	0	0	0	0	0	0	0
10711	1011	1	17280	1372686822	1372907169	1	NULL	0	0	0	0	0	0	0
10712	1024	1	17202	1372687762	1372907028	1	NULL	0	0	0	0	0	0	0
10713	1026	1	17218	1372704078	1372706068	1	NULL	0	0	0	0	0	0	0
10714	1029	1	17218	1372704084	1372706071	1	NULL	0	0	0	0	0	0	0
10715	1027	1	17218	1372704085	1372706071	1	NULL	0	0	0	0	0	0	0
10716	1028	1	17218	1372704085	1372706071	1	NULL	0	0	0	0	0	0	0
10717	1030	1	17218	1372704085	1372706071	1	NULL	0	0	0	0	0	0	0
10718	1026	1	17232	1372706068	1372769707	1	NULL	0	0	0	0	0	0	0
10719	1028	1	17232	1372706071	1372769711	1	NULL	0	0	0	0	0	0	0
10720	1027	1	17232	1372706071	1372769712	1	NULL	0	0	0	0	0	0	0
10721	1029	1	17232	1372706071	1372769711	1	NULL	0	0	0	0	0	0	0
10722	1030	1	17232	1372706071	1372769711	1	NULL	0	0	0	0	0	0	0
10723	1026	1	16952	1372769707	1372800967	1	NULL	0	0	0	0	0	0	0
10724	1028	1	16952	1372769711	1372800971	1	NULL	0	0	0	0	0	0	0
10725	1030	1	16952	1372769711	1372800971	1	NULL	0	0	0	0	0	0	0
10726	1029	1	16952	1372769711	1372800971	1	NULL	0	0	0	0	0	0	0
10727	1027	1	16952	1372769712	1372800971	1	NULL	0	0	0	0	0	0	0
10728	1026	1	16948	1372800967	1372812109	1	NULL	0	0	0	0	0	0	0
10729	1028	1	16948	1372800971	1372812113	1	NULL	0	0	0	0	0	0	0
10730	1029	1	16948	1372800971	1372812114	1	NULL	0	0	0	0	0	0	0
10731	1027	1	16948	1372800971	1372812114	1	NULL	0	0	0	0	0	0	0
10732	1030	1	16948	1372800971	1372812114	1	NULL	0	0	0	0	0	0	0
10733	1026	1	16944	1372812109	1372816575	1	NULL	0	0	0	0	0	0	0
10734	1028	1	16944	1372812113	1372816580	1	NULL	0	0	0	0	0	0	0
10735	1030	1	16944	1372812114	1372816581	1	NULL	0	0	0	0	0	0	0
10736	1027	1	16944	1372812114	1372816580	1	NULL	0	0	0	0	0	0	0
10737	1029	1	16944	1372812114	1372816580	1	NULL	0	0	0	0	0	0	0
10738	1026	1	16954	1372816575	1372853436	1	NULL	0	0	0	0	0	0	0
10739	1028	1	16954	1372816580	1372853441	1	NULL	0	0	0	0	0	0	0
10740	1027	1	16954	1372816580	1372853440	1	NULL	0	0	0	0	0	0	0
10741	1029	1	16954	1372816580	1372853440	1	NULL	0	0	0	0	0	0	0
10742	1030	1	16954	1372816581	1372853441	1	NULL	0	0	0	0	0	0	0
10743	1026	1	16950	1372853436	1372867629	1	NULL	0	0	0	0	0	0	0
10744	1027	1	16950	1372853440	1372867635	1	NULL	0	0	0	0	0	0	0
10745	1029	1	16950	1372853440	1372867634	1	NULL	0	0	0	0	0	0	0
10746	1028	1	16950	1372853441	1372867635	1	NULL	0	0	0	0	0	0	0
10747	1030	1	16950	1372853441	1372867635	1	NULL	0	0	0	0	0	0	0
10748	1026	1	16946	1372867629	1372869073	1	NULL	0	0	0	0	0	0	0
10749	1029	1	16946	1372867634	1372869077	1	NULL	0	0	0	0	0	0	0
10750	1030	1	16946	1372867635	1372869077	1	NULL	0	0	0	0	0	0	0
10751	1027	1	16946	1372867635	1372869078	1	NULL	0	0	0	0	0	0	0
10752	1028	1	16946	1372867635	1372869077	1	NULL	0	0	0	0	0	0	0
10753	1026	1	17283	1372869073	1372882410	1	NULL	0	0	0	0	0	0	0
10754	1028	1	17283	1372869077	1372882414	1	NULL	0	0	0	0	0	0	0
10755	1030	1	17283	1372869077	1372882414	1	NULL	0	0	0	0	0	0	0
10756	1029	1	17283	1372869077	1372882415	1	NULL	0	0	0	0	0	0	0
10757	1027	1	17283	1372869078	1372882415	1	NULL	0	0	0	0	0	0	0
10758	1026	1	17285	1372882410	1372899256	1	NULL	0	0	0	0	0	0	0
10759	1030	1	17285	1372882414	1372899262	1	NULL	0	0	0	0	0	0	0
10760	1028	1	17285	1372882414	1372899262	1	NULL	0	0	0	0	0	0	0
10761	1029	1	17285	1372882415	1372899262	1	NULL	0	0	0	0	0	0	0
10762	1027	1	17285	1372882415	1372899261	1	NULL	0	0	0	0	0	0	0
10763	1026	1	17274	1372899256	1372943855	1	NULL	0	0	0	0	0	0	0
10764	1027	1	17274	1372899261	1372943859	1	NULL	0	0	0	0	0	0	0
10765	1030	1	17274	1372899262	1372943860	1	NULL	0	0	0	0	0	0	0
10766	1028	1	17274	1372899262	1372943859	1	NULL	0	0	0	0	0	0	0
10767	1029	1	17274	1372899262	1372943859	1	NULL	0	0	0	0	0	0	0
10768	1025	1	-1	1372899419	1373160457	1	NULL	0	0	0	0	0	0	0
10769	1024	1	-1	1372907028	1373168233	1	NULL	0	0	0	0	0	0	0
10770	1010	2	-1	1372907153	1372907194	1	NULL	0	0	0	0	0	0	0
10771	1010	1	17256	1372907164	1373054697	1	NULL	0	0	0	0	0	0	0
10772	1011	2	-1	1372907164	1372907200	1	NULL	0	0	0	0	0	0	0
10773	1012	2	-1	1372907164	1372907200	1	NULL	0	0	0	0	0	0	0
10774	1013	2	-1	1372907164	1372907200	1	NULL	0	0	0	0	0	0	0
10775	1014	2	-1	1372907164	1372907199	1	NULL	0	0	0	0	0	0	0
10776	1014	1	17256	1372907168	1373054711	1	NULL	0	0	0	0	0	0	0
10777	1013	1	17256	1372907169	1373054711	1	NULL	0	0	0	0	0	0	0
10778	1012	1	17256	1372907169	1373054711	1	NULL	0	0	0	0	0	0	0
10779	1011	1	17256	1372907169	1373054711	1	NULL	0	0	0	0	0	0	0
10780	1010	2	17254	1372907194	1373054711	1	NULL	0	0	0	0	0	0	0
10781	1014	2	17254	1372907199	1373054716	1	NULL	0	0	0	0	0	0	0
10782	1013	2	17254	1372907200	1373054716	1	NULL	0	0	0	0	0	0	0
10783	1012	2	17254	1372907200	1373054716	1	NULL	0	0	0	0	0	0	0
10784	1011	2	17254	1372907200	1373054716	1	NULL	0	0	0	0	0	0	0
10785	1026	1	17276	1372943855	1372989063	1	NULL	0	0	0	0	0	0	0
10786	1028	1	17276	1372943859	1372989068	1	NULL	0	0	0	0	0	0	0
10787	1027	1	17276	1372943859	1372989068	1	NULL	0	0	0	0	0	0	0
10788	1029	1	17276	1372943859	1372989067	1	NULL	0	0	0	0	0	0	0
10789	1030	1	17276	1372943860	1372989068	1	NULL	0	0	0	0	0	0	0
10790	1026	1	17274	1372989063	1373045216	1	NULL	0	0	0	0	0	0	0
10791	1029	1	17274	1372989067	1373045221	1	NULL	0	0	0	0	0	0	0
10792	1027	1	17274	1372989068	1373045220	1	NULL	0	0	0	0	0	0	0
10793	1028	1	17274	1372989068	1373045221	1	NULL	0	0	0	0	0	0	0
10794	1030	1	17274	1372989068	1373045220	1	NULL	0	0	0	0	0	0	0
10795	1026	1	17276	1373045216	1373098720	1	NULL	0	0	0	0	0	0	0
10796	1030	1	17276	1373045220	1373098725	1	NULL	0	0	0	0	0	0	0
10797	1027	1	17276	1373045220	1373098725	1	NULL	0	0	0	0	0	0	0
10798	1028	1	17276	1373045221	1373098724	1	NULL	0	0	0	0	0	0	0
10799	1029	1	17276	1373045221	1373098725	1	NULL	0	0	0	0	0	0	0
10800	1010	1	-1	1373054697	1373054742	1	NULL	0	0	0	0	0	0	0
10801	1010	2	17250	1373054711	1373139581	1	NULL	0	0	0	0	0	0	0
10802	1011	1	-1	1373054711	1373054747	1	NULL	0	0	0	0	0	0	0
10803	1014	1	-1	1373054711	1373054746	1	NULL	0	0	0	0	0	0	0
10804	1012	1	-1	1373054711	1373054747	1	NULL	0	0	0	0	0	0	0
10805	1013	1	-1	1373054711	1373054747	1	NULL	0	0	0	0	0	0	0
10806	1011	2	17250	1373054716	1373139599	1	NULL	0	0	0	0	0	0	0
10807	1012	2	17250	1373054716	1373139599	1	NULL	0	0	0	0	0	0	0
10808	1014	2	17250	1373054716	1373139599	1	NULL	0	0	0	0	0	0	0
10809	1013	2	17250	1373054716	1373139599	1	NULL	0	0	0	0	0	0	0
10810	1010	1	17252	1373054742	1373139598	1	NULL	0	0	0	0	0	0	0
10811	1014	1	17252	1373054746	1373139603	1	NULL	0	0	0	0	0	0	0
10812	1011	1	17252	1373054747	1373139604	1	NULL	0	0	0	0	0	0	0
10813	1013	1	17252	1373054747	1373139604	1	NULL	0	0	0	0	0	0	0
10814	1012	1	17252	1373054747	1373139604	1	NULL	0	0	0	0	0	0	0
10815	1037	1	17203	1373097595	1373121576	1	NULL	0	0	0	0	0	0	0
10816	1026	1	16429	1373098720	1373122024	1	NULL	0	0	0	0	0	0	0
10817	1028	1	16429	1373098724	1373122029	1	NULL	0	0	0	0	0	0	0
10818	1030	1	16429	1373098725	1373122029	1	NULL	0	0	0	0	0	0	0
10819	1029	1	16429	1373098725	1373122028	1	NULL	0	0	0	0	0	0	0
10820	1027	1	16429	1373098725	1373122031	1	NULL	0	0	0	0	0	0	0
10821	1037	1	17168	1373121576	1373140786	1	NULL	0	0	0	0	0	0	0
10822	1026	1	16431	1373122024	1373142059	1	NULL	0	0	0	0	0	0	0
10823	1029	1	16431	1373122028	1373142064	1	NULL	0	0	0	0	0	0	0
10824	1030	1	16431	1373122029	1373142064	1	NULL	0	0	0	0	0	0	0
10825	1028	1	16431	1373122029	1373142064	1	NULL	0	0	0	0	0	0	0
10826	1027	1	16431	1373122031	1373142064	1	NULL	0	0	0	0	0	0	0
10827	1010	2	-1	1373139581	1373139637	1	NULL	0	0	0	0	0	0	0
10828	1010	1	17260	1373139598	1373165537	1	NULL	0	0	0	0	0	0	0
10829	1011	2	-1	1373139599	1373139642	1	NULL	0	0	0	0	0	0	0
10830	1014	2	-1	1373139599	1373139643	1	NULL	0	0	0	0	0	0	0
10831	1013	2	-1	1373139599	1373139642	1	NULL	0	0	0	0	0	0	0
10832	1012	2	-1	1373139599	1373139642	1	NULL	0	0	0	0	0	0	0
10833	1014	1	17260	1373139603	1373165543	1	NULL	0	0	0	0	0	0	0
10834	1013	1	17260	1373139604	1373165542	1	NULL	0	0	0	0	0	0	0
10835	1012	1	17260	1373139604	1373165542	1	NULL	0	0	0	0	0	0	0
10836	1011	1	17260	1373139604	1373165543	1	NULL	0	0	0	0	0	0	0
10837	1010	2	17258	1373139637	1373165527	1	NULL	0	0	0	0	0	0	0
11401	1013	1	17309	1375269240	1375349566	1	NULL	0	0	0	0	0	0	0
11402	1014	1	17309	1375269240	1375349566	1	NULL	0	0	0	0	0	0	0
11403	1012	1	17309	1375269241	1375349566	1	NULL	0	0	0	0	0	0	0
11404	1010	2	17307	1375269260	1375349509	1	NULL	0	0	0	0	0	0	0
11405	1013	2	17307	1375269261	1375349566	1	NULL	0	0	0	0	0	0	0
11406	1014	2	17307	1375269261	1375349567	1	NULL	0	0	0	0	0	0	0
11407	1011	2	17307	1375269262	1375349566	1	NULL	0	0	0	0	0	0	0
11408	1012	2	17307	1375269263	1375349566	1	NULL	0	0	0	0	0	0	0
11419	1010	2	17335	1375349509	1375446969	1	NULL	0	0	0	0	0	0	0
11420	1010	1	17337	1375349566	1375446947	1	NULL	0	0	0	0	0	0	0
11421	1011	1	17337	1375349566	1375446950	1	NULL	0	0	0	0	0	0	0
11422	1011	2	17335	1375349566	1375446970	1	NULL	0	0	0	0	0	0	0
11423	1012	1	17337	1375349566	1375446950	1	NULL	0	0	0	0	0	0	0
11424	1012	2	17335	1375349566	1375446971	1	NULL	0	0	0	0	0	0	0
11425	1013	1	17337	1375349566	1375446950	1	NULL	0	0	0	0	0	0	0
11426	1013	2	17335	1375349566	1375446971	1	NULL	0	0	0	0	0	0	0
11427	1014	1	17337	1375349566	1375446950	1	NULL	0	0	0	0	0	0	0
11428	1014	2	17335	1375349567	1375446971	1	NULL	0	0	0	0	0	0	0
11429	1010	1	17317	1375446947	1375617337	1	NULL	0	0	0	0	0	0	0
11430	1011	1	17317	1375446950	1375617338	1	NULL	0	0	0	0	0	0	0
11431	1014	1	17317	1375446950	1375617338	1	NULL	0	0	0	0	0	0	0
11432	1012	1	17317	1375446950	1375617339	1	NULL	0	0	0	0	0	0	0
11433	1013	1	17317	1375446950	1375617339	1	NULL	0	0	0	0	0	0	0
11434	1010	2	17315	1375446969	1375617314	1	NULL	0	0	0	0	0	0	0
11435	1011	2	17315	1375446970	1375617317	1	NULL	0	0	0	0	0	0	0
11436	1013	2	17315	1375446971	1375617317	1	NULL	0	0	0	0	0	0	0
11437	1014	2	17315	1375446971	1375617317	1	NULL	0	0	0	0	0	0	0
11438	1012	2	17315	1375446971	1375617317	1	NULL	0	0	0	0	0	0	0
11444	1010	2	17319	1375617314	1375737773	1	NULL	0	0	0	0	0	0	0
11445	1013	2	17319	1375617317	1375737775	1	NULL	0	0	0	0	0	0	0
11446	1012	2	17319	1375617317	1375737775	1	NULL	0	0	0	0	0	0	0
11447	1011	2	17319	1375617317	1375737774	1	NULL	0	0	0	0	0	0	0
11448	1014	2	17319	1375617317	1375737774	1	NULL	0	0	0	0	0	0	0
11449	1010	1	17321	1375617337	1375737749	1	NULL	0	0	0	0	0	0	0
11450	1014	1	17321	1375617338	1375737751	1	NULL	0	0	0	0	0	0	0
11451	1011	1	17321	1375617338	1375737754	1	NULL	0	0	0	0	0	0	0
11452	1013	1	17321	1375617339	1375737751	1	NULL	0	0	0	0	0	0	0
11453	1012	1	17321	1375617339	1375737753	1	NULL	0	0	0	0	0	0	0
11464	1010	1	17317	1375737749	1375844375	1	NULL	0	0	0	0	0	0	0
11465	1013	1	17317	1375737751	1375844377	1	NULL	0	0	0	0	0	0	0
11466	1014	1	17317	1375737751	1375844377	1	NULL	0	0	0	0	0	0	0
11467	1012	1	17317	1375737753	1375844377	1	NULL	0	0	0	0	0	0	0
11468	1011	1	17317	1375737754	1375844376	1	NULL	0	0	0	0	0	0	0
11469	1010	2	17315	1375737773	1375844340	1	NULL	0	0	0	0	0	0	0
11470	1014	2	17315	1375737774	1375844343	1	NULL	0	0	0	0	0	0	0
11471	1011	2	17315	1375737774	1375844343	1	NULL	0	0	0	0	0	0	0
11472	1012	2	17315	1375737775	1375844343	1	NULL	0	0	0	0	0	0	0
11473	1013	2	17315	1375737775	1375844344	1	NULL	0	0	0	0	0	0	0
11474	1010	2	17319	1375844340	1376197258	1	NULL	0	0	0	0	0	0	0
11475	1012	2	17319	1375844343	1376197258	1	NULL	0	0	0	0	0	0	0
11476	1014	2	17319	1375844343	1376197258	1	NULL	0	0	0	0	0	0	0
11477	1011	2	17319	1375844343	1376197258	1	NULL	0	0	0	0	0	0	0
11478	1013	2	17319	1375844344	1376197258	1	NULL	0	0	0	0	0	0	0
11479	1010	1	17321	1375844375	1376197258	1	NULL	0	0	0	0	0	0	0
11480	1011	1	17321	1375844376	1376197258	1	NULL	0	0	0	0	0	0	0
11481	1012	1	17321	1375844377	1376197258	1	NULL	0	0	0	0	0	0	0
11482	1013	1	17321	1375844377	1376197258	1	NULL	0	0	0	0	0	0	0
11483	1014	1	17321	1375844377	1376197258	1	NULL	0	0	0	0	0	0	0
11525	1026	1	17343	1376277429	1376277475	1	NULL	0	0	0	0	0	0	0
11526	1028	1	17343	1376277430	1376277477	1	NULL	0	0	0	0	0	0	0
11527	1030	1	17343	1376277430	1376277476	1	NULL	0	0	0	0	0	0	0
11528	1027	1	17343	1376277431	1376277476	1	NULL	0	0	0	0	0	0	0
11529	1029	1	17343	1376277431	1376277476	1	NULL	0	0	0	0	0	0	0
11530	1026	1	17345	1376277475	1376277656	1	NULL	0	0	0	0	0	0	0
11531	1030	1	17345	1376277476	1376277658	1	NULL	0	0	0	0	0	0	0
11532	1029	1	17345	1376277476	1376277658	1	NULL	0	0	0	0	0	0	0
11533	1027	1	17345	1376277476	1376277658	1	NULL	0	0	0	0	0	0	0
11534	1028	1	17345	1376277477	1376277658	1	NULL	0	0	0	0	0	0	0
11535	1026	1	17343	1376277656	1376372985	1	NULL	0	0	0	0	0	0	0
11536	1029	1	17343	1376277658	1376372986	1	NULL	0	0	0	0	0	0	0
11537	1027	1	17343	1376277658	1376372987	1	NULL	0	0	0	0	0	0	0
11538	1030	1	17343	1376277658	1376372987	1	NULL	0	0	0	0	0	0	0
11539	1028	1	17343	1376277658	1376372987	1	NULL	0	0	0	0	0	0	0
11552	1026	1	17347	1376372985	1376415307	1	NULL	0	0	0	0	0	0	0
11553	1029	1	17347	1376372986	1376415309	1	NULL	0	0	0	0	0	0	0
11554	1027	1	17347	1376372987	1376415309	1	NULL	0	0	0	0	0	0	0
11555	1030	1	17347	1376372987	1376415308	1	NULL	0	0	0	0	0	0	0
11556	1028	1	17347	1376372987	1376415309	1	NULL	0	0	0	0	0	0	0
11557	1026	1	17387	1376415307	1376499831	1	NULL	0	0	0	0	0	0	0
11558	1030	1	17387	1376415308	1376499833	1	NULL	0	0	0	0	0	0	0
11559	1029	1	17387	1376415309	1376499832	1	NULL	0	0	0	0	0	0	0
11560	1028	1	17387	1376415309	1376499833	1	NULL	0	0	0	0	0	0	0
11561	1027	1	17387	1376415309	1376499833	1	NULL	0	0	0	0	0	0	0
11574	1026	1	17391	1376499831	1376556719	1	NULL	0	0	0	0	0	0	0
11575	1029	1	17391	1376499832	1376556756	1	NULL	0	0	0	0	0	0	0
11576	1028	1	17391	1376499833	1376556754	1	NULL	0	0	0	0	0	0	0
11577	1030	1	17391	1376499833	1376556768	1	NULL	0	0	0	0	0	0	0
11578	1027	1	17391	1376499833	1376556751	1	NULL	0	0	0	0	0	0	0
11591	1026	1	17323	1376556719	1376609662	1	NULL	0	0	0	0	0	0	0
11592	1027	1	17323	1376556751	1376609663	1	NULL	0	0	0	0	0	0	0
11593	1028	1	17323	1376556754	1376609663	1	NULL	0	0	0	0	0	0	0
11594	1029	1	17323	1376556756	1376609664	1	NULL	0	0	0	0	0	0	0
11595	1030	1	17323	1376556768	1376609663	1	NULL	0	0	0	0	0	0	0
11596	1026	1	17325	1376609662	1376672934	1	NULL	0	0	0	0	0	0	0
11597	1030	1	17325	1376609663	1376672936	1	NULL	0	0	0	0	0	0	0
11598	1027	1	17325	1376609663	1376672936	1	NULL	0	0	0	0	0	0	0
11599	1028	1	17325	1376609663	1376672936	1	NULL	0	0	0	0	0	0	0
11600	1029	1	17325	1376609664	1376672936	1	NULL	0	0	0	0	0	0	0
11613	1026	1	17287	1376672934	1376757290	1	NULL	0	0	0	0	0	0	0
11614	1027	1	17287	1376672936	1376757292	1	NULL	0	0	0	0	0	0	0
11615	1029	1	17287	1376672936	1376757292	1	NULL	0	0	0	0	0	0	0
11616	1030	1	17287	1376672936	1376757292	1	NULL	0	0	0	0	0	0	0
11617	1028	1	17287	1376672936	1376757291	1	NULL	0	0	0	0	0	0	0
11630	1026	1	17399	1376757290	1376855112	1	NULL	0	0	0	0	0	0	0
11631	1028	1	17399	1376757291	1376855113	1	NULL	0	0	0	0	0	0	0
11632	1030	1	17399	1376757292	1376855113	1	NULL	0	0	0	0	0	0	0
11633	1029	1	17399	1376757292	1376855113	1	NULL	0	0	0	0	0	0	0
11634	1027	1	17399	1376757292	1376855113	1	NULL	0	0	0	0	0	0	0
11655	1026	1	17217	1376855112	1376886753	1	NULL	0	0	0	0	0	0	0
11656	1028	1	17217	1376855113	1376886754	1	NULL	0	0	0	0	0	0	0
11657	1029	1	17217	1376855113	1376886754	1	NULL	0	0	0	0	0	0	0
11658	1030	1	17217	1376855113	1376886754	1	NULL	0	0	0	0	0	0	0
11659	1027	1	17217	1376855113	1376886754	1	NULL	0	0	0	0	0	0	0
11660	1026	1	17266	1376886753	1376905482	1	NULL	0	0	0	0	0	0	0
11661	1028	1	17266	1376886754	1376905484	1	NULL	0	0	0	0	0	0	0
11662	1027	1	17266	1376886754	1376905483	1	NULL	0	0	0	0	0	0	0
11663	1030	1	17266	1376886754	1376905483	1	NULL	0	0	0	0	0	0	0
11664	1029	1	17266	1376886754	1376905483	1	NULL	0	0	0	0	0	0	0
11666	1026	1	17268	1376905482	1376927972	1	NULL	0	0	0	0	0	0	0
11667	1030	1	17268	1376905483	1376927973	1	NULL	0	0	0	0	0	0	0
11668	1027	1	17268	1376905483	1376927973	1	NULL	0	0	0	0	0	0	0
11669	1029	1	17268	1376905483	1376927973	1	NULL	0	0	0	0	0	0	0
11670	1028	1	17268	1376905484	1376927973	1	NULL	0	0	0	0	0	0	0
11682	1026	1	17401	1376927972	1376963518	1	NULL	0	0	0	0	0	0	0
11683	1029	1	17401	1376927973	1376963520	1	NULL	0	0	0	0	0	0	0
11684	1030	1	17401	1376927973	1376963519	1	NULL	0	0	0	0	0	0	0
11685	1027	1	17401	1376927973	1376963519	1	NULL	0	0	0	0	0	0	0
11686	1028	1	17401	1376927973	1376963520	1	NULL	0	0	0	0	0	0	0
11687	1026	1	17403	1376963518	1377007270	1	NULL	0	0	0	0	0	0	0
11688	1030	1	17403	1376963519	1377007272	1	NULL	0	0	0	0	0	0	0
11689	1027	1	17403	1376963519	1377007272	1	NULL	0	0	0	0	0	0	0
11690	1029	1	17403	1376963520	1377007271	1	NULL	0	0	0	0	0	0	0
11691	1028	1	17403	1376963520	1377007272	1	NULL	0	0	0	0	0	0	0
11714	1026	1	17217	1377007270	1377131896	1	NULL	0	0	0	0	0	0	0
11715	1029	1	17217	1377007271	1377131897	1	NULL	0	0	0	0	0	0	0
11716	1028	1	17217	1377007272	1377131897	1	NULL	0	0	0	0	0	0	0
11717	1030	1	17217	1377007272	1377131941	1	NULL	0	0	0	0	0	0	0
11718	1027	1	17217	1377007272	1377131897	1	NULL	0	0	0	0	0	0	0
11737	1026	1	17405	1377131896	1377164596	1	NULL	0	0	0	0	0	0	0
11738	1027	1	17405	1377131897	1377164597	1	NULL	0	0	0	0	0	0	0
11739	1029	1	17405	1377131897	1377164598	1	NULL	0	0	0	0	0	0	0
11740	1028	1	17405	1377131897	1377164597	1	NULL	0	0	0	0	0	0	0
11741	1030	1	17405	1377131941	1377164597	1	NULL	0	0	0	0	0	0	0
11767	1026	1	17407	1377164596	1377191665	1	NULL	0	0	0	0	0	0	0
11768	1028	1	17407	1377164597	1377191666	1	NULL	0	0	0	0	0	0	0
11769	1027	1	17407	1377164597	1377191667	1	NULL	0	0	0	0	0	0	0
11770	1030	1	17407	1377164597	1377191667	1	NULL	0	0	0	0	0	0	0
11771	1029	1	17407	1377164598	1377191666	1	NULL	0	0	0	0	0	0	0
11773	1026	1	17405	1377191665	1377323600	1	NULL	0	0	0	0	0	0	0
11774	1029	1	17405	1377191666	1377323602	1	NULL	0	0	0	0	0	0	0
11775	1028	1	17405	1377191666	1377323602	1	NULL	0	0	0	0	0	0	0
11776	1027	1	17405	1377191667	1377323602	1	NULL	0	0	0	0	0	0	0
11777	1030	1	17405	1377191667	1377323602	1	NULL	0	0	0	0	0	0	0
11757	1010	1	17365	1377162591	1377442133	1	NULL	0	0	0	0	0	0	0
11758	1011	1	17365	1377162592	1377442134	1	NULL	0	0	0	0	0	0	0
11759	1013	1	17365	1377162592	1377442135	1	NULL	0	0	0	0	0	0	0
11760	1014	1	17365	1377162593	1377442134	1	NULL	0	0	0	0	0	0	0
11761	1012	1	17365	1377162593	1377442135	1	NULL	0	0	0	0	0	0	0
11762	1010	2	17363	1377162618	1377441913	1	NULL	0	0	0	0	0	0	0
11763	1012	2	17363	1377162619	1377441916	1	NULL	0	0	0	0	0	0	0
11764	1011	2	17363	1377162619	1377441915	1	NULL	0	0	0	0	0	0	0
11765	1014	2	17363	1377162619	1377441915	1	NULL	0	0	0	0	0	0	0
11766	1013	2	17363	1377162620	1377441915	1	NULL	0	0	0	0	0	0	0
10439	1025	1	17201	1372124787	1372317758	1	NULL	0	0	0	0	0	0	0
10462	1010	2	17282	1372131282	1372330957	1	NULL	0	0	0	0	0	0	0
10479	1012	2	17282	1372131282	1372330966	1	NULL	0	0	0	0	0	0	0
10482	1010	1	17280	1372131304	1372330965	1	NULL	0	0	0	0	0	0	0
10483	1012	1	17280	1372131307	1372330970	1	NULL	0	0	0	0	0	0	0
10484	1013	1	17280	1372131308	1372330970	1	NULL	0	0	0	0	0	0	0
10486	1014	1	17280	1372131308	1372330970	1	NULL	0	0	0	0	0	0	0
10487	1011	1	17280	1372131308	1372330970	1	NULL	0	0	0	0	0	0	0
10500	1024	1	17202	1372135408	1372330997	1	NULL	0	0	0	0	0	0	0
10523	1026	1	16429	1372161990	1372192015	1	NULL	0	0	0	0	0	0	0
10524	1028	1	16429	1372161995	1372192019	1	NULL	0	0	0	0	0	0	0
10525	1030	1	16429	1372161995	1372192020	1	NULL	0	0	0	0	0	0	0
10526	1029	1	16429	1372161996	1372192019	1	NULL	0	0	0	0	0	0	0
10527	1027	1	16429	1372161996	1372192020	1	NULL	0	0	0	0	0	0	0
10529	1037	1	17168	1372191505	1372223812	1	NULL	0	0	0	0	0	0	0
10530	1026	1	16431	1372192015	1372192015	1	NULL	0	0	0	0	0	0	0
10531	1026	1	16431	1372192015	1372224362	1	NULL	0	0	0	0	0	0	0
10537	1026	1	16936	1372224362	1372224362	1	NULL	0	0	0	0	0	0	0
10541	1026	1	16936	1372224362	1372224362	1	NULL	0	0	0	0	0	0	0
10542	1026	1	16936	1372224362	1372224362	1	NULL	0	0	0	0	0	0	0
10543	1026	1	16936	1372224362	1372259689	1	NULL	0	0	0	0	0	0	0
10544	1030	1	16936	1372224367	1372259694	1	NULL	0	0	0	0	0	0	0
10545	1027	1	16936	1372224368	1372259694	1	NULL	0	0	0	0	0	0	0
10546	1028	1	16936	1372224368	1372259693	1	NULL	0	0	0	0	0	0	0
10549	1037	1	17169	1372259037	1372288606	1	NULL	0	0	0	0	0	0	0
10550	1026	1	16938	1372259689	1372259689	1	NULL	0	0	0	0	0	0	0
10551	1026	1	16938	1372259689	1372289773	1	NULL	0	0	0	0	0	0	0
10552	1028	1	16938	1372259693	1372289778	1	NULL	0	0	0	0	0	0	0
10553	1030	1	16938	1372259694	1372289778	1	NULL	0	0	0	0	0	0	0
10554	1029	1	16938	1372259694	1372289777	1	NULL	0	0	0	0	0	0	0
10555	1027	1	16938	1372259694	1372289778	1	NULL	0	0	0	0	0	0	0
10556	1037	1	-1	1372288606	1372288606	1	NULL	0	0	0	0	0	0	0
10558	1037	1	-1	1372288606	1372288606	1	NULL	0	0	0	0	0	0	0
10559	1037	1	-1	1372288606	1372288606	1	NULL	0	0	0	0	0	0	0
10562	1037	1	-1	1372288606	1372288606	1	NULL	0	0	0	0	0	0	0
10563	1037	1	-1	1372288606	1372288606	1	NULL	0	0	0	0	0	0	0
10565	1026	1	17217	1372289773	1372289773	1	NULL	0	0	0	0	0	0	0
10567	1026	1	17217	1372289773	1372344980	1	NULL	0	0	0	0	0	0	0
10568	1029	1	17217	1372289777	1372344983	1	NULL	0	0	0	0	0	0	0
10569	1028	1	17217	1372289778	1372344986	1	NULL	0	0	0	0	0	0	0
10572	1025	1	16908	1372317758	1372406664	1	NULL	0	0	0	0	0	0	0
10573	1010	2	-1	1372330957	1372330957	1	NULL	0	0	0	0	0	0	0
10575	1010	2	-1	1372330957	1372330957	1	NULL	0	0	0	0	0	0	0
10576	1010	2	-1	1372330957	1372330957	1	NULL	0	0	0	0	0	0	0
10578	1010	2	-1	1372330957	1372330957	1	NULL	0	0	0	0	0	0	0
10579	1010	2	-1	1372330957	1372330957	1	NULL	0	0	0	0	0	0	0
10581	1010	2	-1	1372330957	1372330957	1	NULL	0	0	0	0	0	0	0
10582	1010	2	-1	1372330957	1372330957	1	NULL	0	0	0	0	0	0	0
10584	1010	2	-1	1372330957	1372330957	1	NULL	0	0	0	0	0	0	0
10586	1010	1	17228	1372330965	1372376490	1	NULL	0	0	0	0	0	0	0
10587	1014	2	-1	1372330966	1372331003	1	NULL	0	0	0	0	0	0	0
10588	1013	2	-1	1372330966	1372331002	1	NULL	0	0	0	0	0	0	0
10589	1011	2	-1	1372330966	1372331003	1	NULL	0	0	0	0	0	0	0
10591	1012	1	17228	1372330970	1372376503	1	NULL	0	0	0	0	0	0	0
10592	1014	1	17228	1372330970	1372376503	1	NULL	0	0	0	0	0	0	0
10593	1011	1	17228	1372330970	1372376504	1	NULL	0	0	0	0	0	0	0
10594	1013	1	17228	1372330970	1372376504	1	NULL	0	0	0	0	0	0	0
10595	1024	1	16439	1372330997	1372414618	1	NULL	0	0	0	0	0	0	0
10598	1013	2	17226	1372331002	1372376508	1	NULL	0	0	0	0	0	0	0
10599	1014	2	17226	1372331003	1372376508	1	NULL	0	0	0	0	0	0	0
10601	1026	1	16952	1372344980	1372344980	1	NULL	0	0	0	0	0	0	0
10602	1026	1	16952	1372344980	1372344980	1	NULL	0	0	0	0	0	0	0
10603	1026	1	16952	1372344980	1372344980	1	NULL	0	0	0	0	0	0	0
10605	1029	1	16952	1372344983	1372344983	1	NULL	0	0	0	0	0	0	0
10607	1029	1	16952	1372344983	1372356266	1	NULL	0	0	0	0	0	0	0
10609	1030	1	16952	1372344986	1372356313	1	NULL	0	0	0	0	0	0	0
10610	1027	1	16952	1372344986	1372356266	1	NULL	0	0	0	0	0	0	0
10617	1026	1	17274	1372367533	1372367533	1	NULL	0	0	0	0	0	0	0
10618	1026	1	17274	1372367533	1372367533	1	NULL	0	0	0	0	0	0	0
10619	1026	1	17274	1372367533	1372367533	1	NULL	0	0	0	0	0	0	0
10622	1026	1	17274	1372367533	1372367533	1	NULL	0	0	0	0	0	0	0
10623	1026	1	17274	1372367533	1372367533	1	NULL	0	0	0	0	0	0	0
10626	1027	1	17274	1372367537	1372486579	1	NULL	0	0	0	0	0	0	0
10627	1030	1	17274	1372367538	1372486580	1	NULL	0	0	0	0	0	0	0
10628	1029	1	17274	1372367538	1372486579	1	NULL	0	0	0	0	0	0	0
10629	1028	1	17274	1372367538	1372486580	1	NULL	0	0	0	0	0	0	0
10630	1010	1	-1	1372376490	1372376490	1	NULL	0	0	0	0	0	0	0
10632	1010	1	-1	1372376490	1372376490	1	NULL	0	0	0	0	0	0	0
10634	1010	1	-1	1372376490	1372376490	1	NULL	0	0	0	0	0	0	0
10636	1010	1	-1	1372376490	1372376490	1	NULL	0	0	0	0	0	0	0
10637	1010	1	-1	1372376490	1372376548	1	NULL	0	0	0	0	0	0	0
10638	1010	2	17250	1372376502	1372531004	1	NULL	0	0	0	0	0	0	0
10639	1014	1	-1	1372376503	1372376553	1	NULL	0	0	0	0	0	0	0
10643	1011	2	17250	1372376507	1372531008	1	NULL	0	0	0	0	0	0	0
10644	1014	2	17250	1372376508	1372531008	1	NULL	0	0	0	0	0	0	0
10645	1012	2	17250	1372376508	1372531008	1	NULL	0	0	0	0	0	0	0
10646	1013	2	17250	1372376508	1372531008	1	NULL	0	0	0	0	0	0	0
10647	1010	1	17252	1372376548	1372530987	1	NULL	0	0	0	0	0	0	0
10648	1011	1	17252	1372376552	1372531006	1	NULL	0	0	0	0	0	0	0
10649	1014	1	17252	1372376553	1372531006	1	NULL	0	0	0	0	0	0	0
10650	1013	1	17252	1372376553	1372531006	1	NULL	0	0	0	0	0	0	0
10651	1012	1	17252	1372376553	1372531006	1	NULL	0	0	0	0	0	0	0
10540	1026	1	16936	1372224362	1372224362	1	NULL	0	0	0	0	0	0	0
10564	1037	1	-1	1372288606	1373097595	1	NULL	0	0	0	0	0	0	0
10621	1026	1	17274	1372367533	1372367533	1	NULL	0	0	0	0	0	0	0
10557	1037	1	-1	1372288606	1372288606	1	NULL	0	0	0	0	0	0	0
10560	1037	1	-1	1372288606	1372288606	1	NULL	0	0	0	0	0	0	0
10570	1027	1	17217	1372289778	1372344986	1	NULL	0	0	0	0	0	0	0
10571	1030	1	17217	1372289778	1372344986	1	NULL	0	0	0	0	0	0	0
10580	1010	2	-1	1372330957	1372330957	1	NULL	0	0	0	0	0	0	0
10604	1026	1	16952	1372344980	1372356261	1	NULL	0	0	0	0	0	0	0
10606	1029	1	16952	1372344983	1372344983	1	NULL	0	0	0	0	0	0	0
10608	1028	1	16952	1372344986	1372356266	1	NULL	0	0	0	0	0	0	0
10612	1026	1	16954	1372356261	1372367533	1	NULL	0	0	0	0	0	0	0
10624	1026	1	17274	1372367533	1372367533	1	NULL	0	0	0	0	0	0	0
10625	1026	1	17274	1372367533	1372486575	1	NULL	0	0	0	0	0	0	0
10631	1010	1	-1	1372376490	1372376490	1	NULL	0	0	0	0	0	0	0
10633	1010	1	-1	1372376490	1372376490	1	NULL	0	0	0	0	0	0	0
10640	1012	1	-1	1372376503	1372376553	1	NULL	0	0	0	0	0	0	0
10641	1013	1	-1	1372376504	1372376553	1	NULL	0	0	0	0	0	0	0
10642	1011	1	-1	1372376504	1372376552	1	NULL	0	0	0	0	0	0	0
10838	1012	2	17258	1373139642	1373165537	1	NULL	0	0	0	0	0	0	0
10839	1013	2	17258	1373139642	1373165537	1	NULL	0	0	0	0	0	0	0
10840	1011	2	17258	1373139642	1373165537	1	NULL	0	0	0	0	0	0	0
10841	1014	2	17258	1373139643	1373165537	1	NULL	0	0	0	0	0	0	0
10842	1037	1	17151	1373140786	1373163308	1	NULL	0	0	0	0	0	0	0
10843	1026	1	16936	1373142059	1373163916	1	NULL	0	0	0	0	0	0	0
10844	1027	1	16936	1373142064	1373163920	1	NULL	0	0	0	0	0	0	0
10845	1030	1	16936	1373142064	1373163920	1	NULL	0	0	0	0	0	0	0
10846	1028	1	16936	1373142064	1373163921	1	NULL	0	0	0	0	0	0	0
10847	1029	1	16936	1373142064	1373163920	1	NULL	0	0	0	0	0	0	0
10848	1025	1	16908	1373160457	1373253106	1	NULL	0	0	0	0	0	0	0
10849	1037	1	17169	1373163308	1373185220	1	NULL	0	0	0	0	0	0	0
10850	1026	1	16938	1373163916	1373185822	1	NULL	0	0	0	0	0	0	0
10851	1030	1	16938	1373163920	1373185825	1	NULL	0	0	0	0	0	0	0
10852	1029	1	16938	1373163920	1373185825	1	NULL	0	0	0	0	0	0	0
10853	1027	1	16938	1373163920	1373185825	1	NULL	0	0	0	0	0	0	0
10854	1028	1	16938	1373163921	1373185825	1	NULL	0	0	0	0	0	0	0
10855	1010	2	-1	1373165527	1373165573	1	NULL	0	0	0	0	0	0	0
10856	1010	1	17228	1373165537	1373258673	1	NULL	0	0	0	0	0	0	0
10857	1011	2	-1	1373165537	1373165578	1	NULL	0	0	0	0	0	0	0
10858	1013	2	-1	1373165537	1373165578	1	NULL	0	0	0	0	0	0	0
10859	1014	2	-1	1373165537	1373165578	1	NULL	0	0	0	0	0	0	0
10860	1012	2	-1	1373165537	1373165578	1	NULL	0	0	0	0	0	0	0
10861	1012	1	17228	1373165542	1373258677	1	NULL	0	0	0	0	0	0	0
10862	1013	1	17228	1373165542	1373258677	1	NULL	0	0	0	0	0	0	0
10863	1011	1	17228	1373165543	1373258677	1	NULL	0	0	0	0	0	0	0
10864	1014	1	17228	1373165543	1373259156	1	NULL	0	0	0	0	0	0	0
10865	1010	2	17226	1373165573	1373258659	1	NULL	0	0	0	0	0	0	0
10866	1011	2	17226	1373165578	1373258673	1	NULL	0	0	0	0	0	0	0
10867	1014	2	17226	1373165578	1373259152	1	NULL	0	0	0	0	0	0	0
10868	1012	2	17226	1373165578	1373258673	1	NULL	0	0	0	0	0	0	0
10869	1013	2	17226	1373165578	1373258673	1	NULL	0	0	0	0	0	0	0
10870	1024	1	16439	1373168233	1373258317	1	NULL	0	0	0	0	0	0	0
10871	1037	1	-1	1373185220	2147483647	1	NULL	0	0	0	0	0	0	0
10872	1026	1	17217	1373185822	1373195678	1	NULL	0	0	0	0	0	0	0
10873	1030	1	17217	1373185825	1373195681	1	NULL	0	0	0	0	0	0	0
10874	1027	1	17217	1373185825	1373195680	1	NULL	0	0	0	0	0	0	0
10875	1028	1	17217	1373185825	1373195681	1	NULL	0	0	0	0	0	0	0
10876	1029	1	17217	1373185825	1373195681	1	NULL	0	0	0	0	0	0	0
10877	1026	1	17218	1373195678	1373208445	1	NULL	0	0	0	0	0	0	0
10878	1027	1	17218	1373195680	1373208449	1	NULL	0	0	0	0	0	0	0
10879	1030	1	17218	1373195681	1373208448	1	NULL	0	0	0	0	0	0	0
10880	1029	1	17218	1373195681	1373208448	1	NULL	0	0	0	0	0	0	0
10881	1028	1	17218	1373195681	1373208449	1	NULL	0	0	0	0	0	0	0
10882	1026	1	17232	1373208445	1373250452	1	NULL	0	0	0	0	0	0	0
10883	1029	1	17232	1373208448	1373250457	1	NULL	0	0	0	0	0	0	0
10884	1030	1	17232	1373208448	1373250456	1	NULL	0	0	0	0	0	0	0
10885	1028	1	17232	1373208449	1373250456	1	NULL	0	0	0	0	0	0	0
10886	1027	1	17232	1373208449	1373250456	1	NULL	0	0	0	0	0	0	0
10887	1026	1	17283	1373250452	1373273581	1	NULL	0	0	0	0	0	0	0
10888	1028	1	17283	1373250456	1373273585	1	NULL	0	0	0	0	0	0	0
10889	1030	1	17283	1373250456	1373273585	1	NULL	0	0	0	0	0	0	0
10890	1027	1	17283	1373250456	1373273584	1	NULL	0	0	0	0	0	0	0
10891	1029	1	17283	1373250457	1373273585	1	NULL	0	0	0	0	0	0	0
10892	1025	1	17201	1373253106	1373434736	1	NULL	0	0	0	0	0	0	0
10893	1024	1	17202	1373258317	1373438552	1	NULL	0	0	0	0	0	0	0
10894	1010	2	-1	1373258659	1373259205	1	NULL	0	0	0	0	0	0	0
10895	1010	1	17280	1373258673	1373438775	1	NULL	0	0	0	0	0	0	0
10896	1012	2	-1	1373258673	1373259209	1	NULL	0	0	0	0	0	0	0
10897	1011	2	-1	1373258673	1373259208	1	NULL	0	0	0	0	0	0	0
10898	1013	2	-1	1373258673	1373259209	1	NULL	0	0	0	0	0	0	0
10899	1011	1	17280	1373258677	1373438780	1	NULL	0	0	0	0	0	0	0
10900	1012	1	17280	1373258677	1373438780	1	NULL	0	0	0	0	0	0	0
10901	1013	1	17280	1373258677	1373438779	1	NULL	0	0	0	0	0	0	0
10902	1014	2	-1	1373259152	1373259208	1	NULL	0	0	0	0	0	0	0
10903	1014	1	17280	1373259156	1373438779	1	NULL	0	0	0	0	0	0	0
10904	1010	2	17282	1373259205	1373438763	1	NULL	0	0	0	0	0	0	0
10905	1011	2	17282	1373259208	1373438775	1	NULL	0	0	0	0	0	0	0
10906	1014	2	17282	1373259208	1373438775	1	NULL	0	0	0	0	0	0	0
10907	1013	2	17282	1373259209	1373438775	1	NULL	0	0	0	0	0	0	0
10908	1012	2	17282	1373259209	1373438775	1	NULL	0	0	0	0	0	0	0
10909	1026	1	17285	1373273581	1373295195	1	NULL	0	0	0	0	0	0	0
10910	1027	1	17285	1373273584	1373295199	1	NULL	0	0	0	0	0	0	0
10911	1028	1	17285	1373273585	1373295199	1	NULL	0	0	0	0	0	0	0
10912	1030	1	17285	1373273585	1373295199	1	NULL	0	0	0	0	0	0	0
10913	1029	1	17285	1373273585	1373295199	1	NULL	0	0	0	0	0	0	0
10914	1026	1	16952	1373295195	1373323068	1	NULL	0	0	0	0	0	0	0
10915	1030	1	16952	1373295199	1373323073	1	NULL	0	0	0	0	0	0	0
10916	1028	1	16952	1373295199	1373323073	1	NULL	0	0	0	0	0	0	0
10917	1027	1	16952	1373295199	1373323075	1	NULL	0	0	0	0	0	0	0
10918	1029	1	16952	1373295199	1373323073	1	NULL	0	0	0	0	0	0	0
10919	1026	1	16954	1373323068	1373357905	1	NULL	0	0	0	0	0	0	0
10920	1029	1	16954	1373323073	1373357911	1	NULL	0	0	0	0	0	0	0
10921	1030	1	16954	1373323073	1373357909	1	NULL	0	0	0	0	0	0	0
10922	1028	1	16954	1373323073	1373357911	1	NULL	0	0	0	0	0	0	0
10923	1027	1	16954	1373323075	1373357911	1	NULL	0	0	0	0	0	0	0
10924	1026	1	17274	1373357905	1373417856	1	NULL	0	0	0	0	0	0	0
10925	1030	1	17274	1373357909	1373417860	1	NULL	0	0	0	0	0	0	0
10926	1028	1	17274	1373357911	1373417859	1	NULL	0	0	0	0	0	0	0
10927	1029	1	17274	1373357911	1373417860	1	NULL	0	0	0	0	0	0	0
10928	1027	1	17274	1373357911	1373417860	1	NULL	0	0	0	0	0	0	0
10929	1026	1	17276	1373417856	1373475288	1	NULL	0	0	0	0	0	0	0
10930	1028	1	17276	1373417859	1373475291	1	NULL	0	0	0	0	0	0	0
10931	1027	1	17276	1373417860	1373475291	1	NULL	0	0	0	0	0	0	0
10932	1030	1	17276	1373417860	1373475292	1	NULL	0	0	0	0	0	0	0
10933	1029	1	17276	1373417860	1373475291	1	NULL	0	0	0	0	0	0	0
10934	1025	1	-1	1373434736	1373562294	1	NULL	0	0	0	0	0	0	0
10935	1024	1	-1	1373438552	1373572674	1	NULL	0	0	0	0	0	0	0
10936	1010	2	-1	1373438763	1373438804	1	NULL	0	0	0	0	0	0	0
10937	1010	1	17256	1373438775	1373525514	1	NULL	0	0	0	0	0	0	0
10938	1011	2	-1	1373438775	1373438809	1	NULL	0	0	0	0	0	0	0
10939	1012	2	-1	1373438775	1373438809	1	NULL	0	0	0	0	0	0	0
10940	1013	2	-1	1373438775	1373438809	1	NULL	0	0	0	0	0	0	0
10941	1014	2	-1	1373438775	1373438809	1	NULL	0	0	0	0	0	0	0
10942	1014	1	17256	1373438779	1373525528	1	NULL	0	0	0	0	0	0	0
10943	1013	1	17256	1373438779	1373525528	1	NULL	0	0	0	0	0	0	0
10944	1011	1	17256	1373438780	1373525528	1	NULL	0	0	0	0	0	0	0
10945	1012	1	17256	1373438780	1373525528	1	NULL	0	0	0	0	0	0	0
10946	1010	2	17254	1373438804	1373525527	1	NULL	0	0	0	0	0	0	0
10947	1012	2	17254	1373438809	1373525532	1	NULL	0	0	0	0	0	0	0
10948	1011	2	17254	1373438809	1373525533	1	NULL	0	0	0	0	0	0	0
10949	1013	2	17254	1373438809	1373525532	1	NULL	0	0	0	0	0	0	0
10950	1014	2	17254	1373438809	1373525532	1	NULL	0	0	0	0	0	0	0
10951	1026	1	17218	1373475288	1373507609	1	NULL	0	0	0	0	0	0	0
10952	1028	1	17218	1373475291	1373507612	1	NULL	0	0	0	0	0	0	0
10953	1027	1	17218	1373475291	1373507612	1	NULL	0	0	0	0	0	0	0
10954	1029	1	17218	1373475291	1373507612	1	NULL	0	0	0	0	0	0	0
10955	1030	1	17218	1373475292	1373507611	1	NULL	0	0	0	0	0	0	0
10956	1026	1	17217	1373507609	1373633830	1	NULL	0	0	0	0	0	0	0
10957	1030	1	17217	1373507611	1373633835	1	NULL	0	0	0	0	0	0	0
10958	1029	1	17217	1373507612	1373633834	1	NULL	0	0	0	0	0	0	0
10959	1028	1	17217	1373507612	1373633835	1	NULL	0	0	0	0	0	0	0
10960	1027	1	17217	1373507612	1373633835	1	NULL	0	0	0	0	0	0	0
10961	1010	1	-1	1373525514	1373525555	1	NULL	0	0	0	0	0	0	0
10962	1010	2	17258	1373525527	1373569725	1	NULL	0	0	0	0	0	0	0
10963	1012	1	-1	1373525528	1373525561	1	NULL	0	0	0	0	0	0	0
10964	1013	1	-1	1373525528	1373525559	1	NULL	0	0	0	0	0	0	0
10965	1011	1	-1	1373525528	1373525559	1	NULL	0	0	0	0	0	0	0
10966	1014	1	-1	1373525528	1373525560	1	NULL	0	0	0	0	0	0	0
10967	1014	2	17258	1373525532	1373569727	1	NULL	0	0	0	0	0	0	0
10968	1013	2	17258	1373525532	1373569727	1	NULL	0	0	0	0	0	0	0
10969	1012	2	17258	1373525532	1373569727	1	NULL	0	0	0	0	0	0	0
10970	1011	2	17258	1373525533	1373569728	1	NULL	0	0	0	0	0	0	0
10971	1010	1	17260	1373525555	1373569711	1	NULL	0	0	0	0	0	0	0
10972	1013	1	17260	1373525559	1373569725	1	NULL	0	0	0	0	0	0	0
10973	1011	1	17260	1373525559	1373569725	1	NULL	0	0	0	0	0	0	0
10974	1014	1	17260	1373525560	1373569725	1	NULL	0	0	0	0	0	0	0
10975	1012	1	17260	1373525561	1373569725	1	NULL	0	0	0	0	0	0	0
10976	1025	1	17201	1373562294	1373730598	1	NULL	0	0	0	0	0	0	0
10977	1010	1	-1	1373569711	1373569750	1	NULL	0	0	0	0	0	0	0
10978	1010	2	17282	1373569725	1373737078	1	NULL	0	0	0	0	0	0	0
10979	1013	1	-1	1373569725	1373569753	1	NULL	0	0	0	0	0	0	0
10980	1011	1	-1	1373569725	1373569755	1	NULL	0	0	0	0	0	0	0
10981	1014	1	-1	1373569725	1373569755	1	NULL	0	0	0	0	0	0	0
10982	1012	1	-1	1373569725	1373569755	1	NULL	0	0	0	0	0	0	0
10983	1013	2	17282	1373569727	1373737099	1	NULL	0	0	0	0	0	0	0
10984	1012	2	17282	1373569727	1373737098	1	NULL	0	0	0	0	0	0	0
10985	1014	2	17282	1373569727	1373737099	1	NULL	0	0	0	0	0	0	0
10986	1011	2	17282	1373569728	1373737099	1	NULL	0	0	0	0	0	0	0
10987	1010	1	17280	1373569750	1373737098	1	NULL	0	0	0	0	0	0	0
10988	1013	1	17280	1373569753	1373737102	1	NULL	0	0	0	0	0	0	0
10989	1012	1	17280	1373569755	1373737103	1	NULL	0	0	0	0	0	0	0
10990	1014	1	17280	1373569755	1373737103	1	NULL	0	0	0	0	0	0	0
10991	1011	1	17280	1373569755	1373737102	1	NULL	0	0	0	0	0	0	0
10992	1024	1	17202	1373572674	1373739756	1	NULL	0	0	0	0	0	0	0
10993	1026	1	17283	1373633830	1373649680	1	NULL	0	0	0	0	0	0	0
10994	1029	1	17283	1373633834	1373649684	1	NULL	0	0	0	0	0	0	0
10995	1028	1	17283	1373633835	1373649684	1	NULL	0	0	0	0	0	0	0
10996	1027	1	17283	1373633835	1373649684	1	NULL	0	0	0	0	0	0	0
10997	1030	1	17283	1373633835	1373649684	1	NULL	0	0	0	0	0	0	0
10998	1026	1	17285	1373649680	1373657648	1	NULL	0	0	0	0	0	0	0
10999	1028	1	17285	1373649684	1373657652	1	NULL	0	0	0	0	0	0	0
11000	1027	1	17285	1373649684	1373657652	1	NULL	0	0	0	0	0	0	0
11001	1030	1	17285	1373649684	1373657652	1	NULL	0	0	0	0	0	0	0
11002	1029	1	17285	1373649684	1373657652	1	NULL	0	0	0	0	0	0	0
11003	1026	1	16944	1373657648	1373666233	1	NULL	0	0	0	0	0	0	0
11004	1028	1	16944	1373657652	1373666237	1	NULL	0	0	0	0	0	0	0
11005	1027	1	16944	1373657652	1373666237	1	NULL	0	0	0	0	0	0	0
11006	1030	1	16944	1373657652	1373666237	1	NULL	0	0	0	0	0	0	0
11007	1029	1	16944	1373657652	1373666237	1	NULL	0	0	0	0	0	0	0
11008	1026	1	16948	1373666233	1373673950	1	NULL	0	0	0	0	0	0	0
11009	1028	1	16948	1373666237	1373673953	1	NULL	0	0	0	0	0	0	0
11010	1030	1	16948	1373666237	1373673954	1	NULL	0	0	0	0	0	0	0
11011	1029	1	16948	1373666237	1373673954	1	NULL	0	0	0	0	0	0	0
11012	1027	1	16948	1373666237	1373673954	1	NULL	0	0	0	0	0	0	0
11013	1026	1	16952	1373673950	1373690584	1	NULL	0	0	0	0	0	0	0
11014	1028	1	16952	1373673953	1373690589	1	NULL	0	0	0	0	0	0	0
11015	1029	1	16952	1373673954	1373690589	1	NULL	0	0	0	0	0	0	0
11016	1027	1	16952	1373673954	1373690589	1	NULL	0	0	0	0	0	0	0
11017	1030	1	16952	1373673954	1373690588	1	NULL	0	0	0	0	0	0	0
11018	1026	1	16946	1373690584	1373697609	1	NULL	0	0	0	0	0	0	0
11019	1030	1	16946	1373690588	1373697619	1	NULL	0	0	0	0	0	0	0
11020	1028	1	16946	1373690589	1373697619	1	NULL	0	0	0	0	0	0	0
11021	1029	1	16946	1373690589	1373697616	1	NULL	0	0	0	0	0	0	0
11022	1027	1	16946	1373690589	1373697619	1	NULL	0	0	0	0	0	0	0
11023	1026	1	16950	1373697609	1373705819	1	NULL	0	0	0	0	0	0	0
11024	1029	1	16950	1373697616	1373705825	1	NULL	0	0	0	0	0	0	0
11025	1027	1	16950	1373697619	1373705825	1	NULL	0	0	0	0	0	0	0
11026	1030	1	16950	1373697619	1373705824	1	NULL	0	0	0	0	0	0	0
11027	1028	1	16950	1373697619	1373705827	1	NULL	0	0	0	0	0	0	0
11028	1026	1	16954	1373705819	1373727267	1	NULL	0	0	0	0	0	0	0
11029	1030	1	16954	1373705824	1373727272	1	NULL	0	0	0	0	0	0	0
11030	1029	1	16954	1373705825	1373727272	1	NULL	0	0	0	0	0	0	0
11031	1027	1	16954	1373705825	1373727271	1	NULL	0	0	0	0	0	0	0
11032	1028	1	16954	1373705827	1373727272	1	NULL	0	0	0	0	0	0	0
11033	1026	1	17274	1373727267	1373769979	1	NULL	0	0	0	0	0	0	0
11034	1027	1	17274	1373727271	1373769983	1	NULL	0	0	0	0	0	0	0
11035	1030	1	17274	1373727272	1373769983	1	NULL	0	0	0	0	0	0	0
11036	1028	1	17274	1373727272	1373769983	1	NULL	0	0	0	0	0	0	0
11037	1029	1	17274	1373727272	1373769984	1	NULL	0	0	0	0	0	0	0
11038	1025	1	-1	1373730598	1374177241	1	NULL	0	0	0	0	0	0	0
11039	1010	2	-1	1373737078	1373737129	1	NULL	0	0	0	0	0	0	0
11040	1010	1	17256	1373737098	1373908472	1	NULL	0	0	0	0	0	0	0
11041	1012	2	-1	1373737098	1373737134	1	NULL	0	0	0	0	0	0	0
11042	1014	2	-1	1373737099	1373737133	1	NULL	0	0	0	0	0	0	0
11043	1013	2	-1	1373737099	1373737134	1	NULL	0	0	0	0	0	0	0
11044	1011	2	-1	1373737099	1373737134	1	NULL	0	0	0	0	0	0	0
11045	1011	1	17256	1373737102	1373908501	1	NULL	0	0	0	0	0	0	0
11046	1013	1	17256	1373737102	1373908501	1	NULL	0	0	0	0	0	0	0
11047	1014	1	17256	1373737103	1373908501	1	NULL	0	0	0	0	0	0	0
11048	1012	1	17256	1373737103	1373908501	1	NULL	0	0	0	0	0	0	0
11049	1010	2	17254	1373737129	1373908501	1	NULL	0	0	0	0	0	0	0
11050	1014	2	17254	1373737133	1373908506	1	NULL	0	0	0	0	0	0	0
11051	1012	2	17254	1373737134	1373908506	1	NULL	0	0	0	0	0	0	0
11052	1011	2	17254	1373737134	1373908506	1	NULL	0	0	0	0	0	0	0
11053	1013	2	17254	1373737134	1373908506	1	NULL	0	0	0	0	0	0	0
11054	1024	1	-1	1373739756	1374186691	1	NULL	0	0	0	0	0	0	0
11055	1026	1	17276	1373769979	1373817602	1	NULL	0	0	0	0	0	0	0
11056	1027	1	17276	1373769983	1373817606	1	NULL	0	0	0	0	0	0	0
11057	1028	1	17276	1373769983	1373817605	1	NULL	0	0	0	0	0	0	0
11058	1030	1	17276	1373769983	1373817606	1	NULL	0	0	0	0	0	0	0
11059	1029	1	17276	1373769984	1373817606	1	NULL	0	0	0	0	0	0	0
11060	1026	1	17287	1373817602	1373985864	1	NULL	0	0	0	0	0	0	0
11061	1028	1	17287	1373817605	1373985869	1	NULL	0	0	0	0	0	0	0
11062	1030	1	17287	1373817606	1373985869	1	NULL	0	0	0	0	0	0	0
11063	1027	1	17287	1373817606	1373985868	1	NULL	0	0	0	0	0	0	0
11064	1029	1	17287	1373817606	1373985869	1	NULL	0	0	0	0	0	0	0
11065	1010	1	-1	1373908472	1373908557	1	NULL	0	0	0	0	0	0	0
11066	1010	2	17258	1373908501	1373962527	1	NULL	0	0	0	0	0	0	0
11067	1013	1	-1	1373908501	1373908562	1	NULL	0	0	0	0	0	0	0
11068	1011	1	-1	1373908501	1373908561	1	NULL	0	0	0	0	0	0	0
11069	1014	1	-1	1373908501	1373908561	1	NULL	0	0	0	0	0	0	0
11070	1012	1	-1	1373908501	1373908561	1	NULL	0	0	0	0	0	0	0
11071	1011	2	17258	1373908506	1373962533	1	NULL	0	0	0	0	0	0	0
11072	1013	2	17258	1373908506	1373962533	1	NULL	0	0	0	0	0	0	0
11073	1014	2	17258	1373908506	1373962533	1	NULL	0	0	0	0	0	0	0
11074	1012	2	17258	1373908506	1373962532	1	NULL	0	0	0	0	0	0	0
11075	1010	1	17260	1373908557	1373962515	1	NULL	0	0	0	0	0	0	0
11076	1011	1	17260	1373908561	1373962527	1	NULL	0	0	0	0	0	0	0
11077	1012	1	17260	1373908561	1373962527	1	NULL	0	0	0	0	0	0	0
11078	1014	1	17260	1373908561	1373962527	1	NULL	0	0	0	0	0	0	0
11079	1013	1	17260	1373908562	1373962527	1	NULL	0	0	0	0	0	0	0
11080	1010	1	-1	1373962515	1373962558	1	NULL	0	0	0	0	0	0	0
11081	1010	2	17254	1373962527	1374186582	1	NULL	0	0	0	0	0	0	0
11082	1011	1	-1	1373962527	1373962563	1	NULL	0	0	0	0	0	0	0
11083	1014	1	-1	1373962527	1373962563	1	NULL	0	0	0	0	0	0	0
11084	1013	1	-1	1373962527	1373962563	1	NULL	0	0	0	0	0	0	0
11085	1012	1	-1	1373962527	1373962563	1	NULL	0	0	0	0	0	0	0
11086	1012	2	17254	1373962532	1374186591	1	NULL	0	0	0	0	0	0	0
11087	1011	2	17254	1373962533	1374186591	1	NULL	0	0	0	0	0	0	0
11088	1013	2	17254	1373962533	1374186591	1	NULL	0	0	0	0	0	0	0
11089	1014	2	17254	1373962533	1374186591	1	NULL	0	0	0	0	0	0	0
11090	1010	1	17256	1373962558	1374186591	1	NULL	0	0	0	0	0	0	0
11091	1011	1	17256	1373962563	1374186595	1	NULL	0	0	0	0	0	0	0
11092	1014	1	17256	1373962563	1374186595	1	NULL	0	0	0	0	0	0	0
11093	1013	1	17256	1373962563	1374186596	1	NULL	0	0	0	0	0	0	0
11094	1012	1	17256	1373962563	1374186595	1	NULL	0	0	0	0	0	0	0
11095	1026	1	17289	1373985864	1374182102	1	NULL	0	0	0	0	0	0	0
11096	1027	1	17289	1373985868	1374182106	1	NULL	0	0	0	0	0	0	0
11097	1029	1	17289	1373985869	1374182106	1	NULL	0	0	0	0	0	0	0
11098	1030	1	17289	1373985869	1374182106	1	NULL	0	0	0	0	0	0	0
11099	1028	1	17289	1373985869	1374182106	1	NULL	0	0	0	0	0	0	0
11100	1025	1	16908	1374177241	1374255234	1	NULL	0	0	0	0	0	0	0
11101	1026	1	17287	1374182102	1374274452	1	NULL	0	0	0	0	0	0	0
11102	1028	1	17287	1374182106	1374274457	1	NULL	0	0	0	0	0	0	0
11103	1029	1	17287	1374182106	1374274456	1	NULL	0	0	0	0	0	0	0
11104	1030	1	17287	1374182106	1374274456	1	NULL	0	0	0	0	0	0	0
11105	1027	1	17287	1374182106	1374274456	1	NULL	0	0	0	0	0	0	0
11106	1010	2	-1	1374186582	1374186622	1	NULL	0	0	0	0	0	0	0
11107	1010	1	17228	1374186591	1374261689	1	NULL	0	0	0	0	0	0	0
11108	1014	2	-1	1374186591	1374186627	1	NULL	0	0	0	0	0	0	0
11109	1012	2	-1	1374186591	1374186627	1	NULL	0	0	0	0	0	0	0
11110	1011	2	-1	1374186591	1374186627	1	NULL	0	0	0	0	0	0	0
11111	1013	2	-1	1374186591	1374186627	1	NULL	0	0	0	0	0	0	0
11112	1012	1	17228	1374186595	1374261694	1	NULL	0	0	0	0	0	0	0
11113	1011	1	17228	1374186595	1374261693	1	NULL	0	0	0	0	0	0	0
11114	1014	1	17228	1374186595	1374261694	1	NULL	0	0	0	0	0	0	0
11115	1013	1	17228	1374186596	1374261694	1	NULL	0	0	0	0	0	0	0
11116	1010	2	17226	1374186622	1374261677	1	NULL	0	0	0	0	0	0	0
11117	1014	2	17226	1374186627	1374261690	1	NULL	0	0	0	0	0	0	0
11118	1013	2	17226	1374186627	1374261689	1	NULL	0	0	0	0	0	0	0
11119	1011	2	17226	1374186627	1374261690	1	NULL	0	0	0	0	0	0	0
11120	1012	2	17226	1374186627	1374261689	1	NULL	0	0	0	0	0	0	0
11121	1024	1	16439	1374186691	1374265287	1	NULL	0	0	0	0	0	0	0
11122	1025	1	-1	1374255234	1376215146	1	NULL	0	0	0	0	0	0	0
11123	1010	2	-1	1374261677	1374261724	1	NULL	0	0	0	0	0	0	0
11124	1010	1	17256	1374261689	1374356212	1	NULL	0	0	0	0	0	0	0
11125	1012	2	-1	1374261689	1374261728	1	NULL	0	0	0	0	0	0	0
11126	1013	2	-1	1374261689	1374261729	1	NULL	0	0	0	0	0	0	0
11127	1014	2	-1	1374261690	1374261729	1	NULL	0	0	0	0	0	0	0
11128	1011	2	-1	1374261690	1374261729	1	NULL	0	0	0	0	0	0	0
11129	1011	1	17256	1374261693	1374356225	1	NULL	0	0	0	0	0	0	0
11130	1012	1	17256	1374261694	1374356225	1	NULL	0	0	0	0	0	0	0
11131	1013	1	17256	1374261694	1374356225	1	NULL	0	0	0	0	0	0	0
11132	1014	1	17256	1374261694	1374356225	1	NULL	0	0	0	0	0	0	0
11133	1010	2	17254	1374261724	1374356225	1	NULL	0	0	0	0	0	0	0
11134	1012	2	17254	1374261728	1374356230	1	NULL	0	0	0	0	0	0	0
11135	1011	2	17254	1374261729	1374356230	1	NULL	0	0	0	0	0	0	0
11136	1013	2	17254	1374261729	1374356230	1	NULL	0	0	0	0	0	0	0
11137	1014	2	17254	1374261729	1374356230	1	NULL	0	0	0	0	0	0	0
11138	1024	1	-1	1374265287	1376216200	1	NULL	0	0	0	0	0	0	0
11139	1026	1	17289	1374274452	1374363133	1	NULL	0	0	0	0	0	0	0
11140	1027	1	17289	1374274456	1374363138	1	NULL	0	0	0	0	0	0	0
11141	1030	1	17289	1374274456	1374363137	1	NULL	0	0	0	0	0	0	0
11142	1029	1	17289	1374274456	1374363138	1	NULL	0	0	0	0	0	0	0
11143	1028	1	17289	1374274457	1374363138	1	NULL	0	0	0	0	0	0	0
11144	1010	1	-1	1374356212	1374356273	1	NULL	0	0	0	0	0	0	0
11145	1010	2	17250	1374356225	1374417333	1	NULL	0	0	0	0	0	0	0
11146	1011	1	-1	1374356225	1374356278	1	NULL	0	0	0	0	0	0	0
11147	1014	1	-1	1374356225	1374356278	1	NULL	0	0	0	0	0	0	0
11148	1012	1	-1	1374356225	1374356278	1	NULL	0	0	0	0	0	0	0
11149	1013	1	-1	1374356225	1374356278	1	NULL	0	0	0	0	0	0	0
11150	1012	2	17250	1374356230	1374417345	1	NULL	0	0	0	0	0	0	0
11151	1013	2	17250	1374356230	1374417345	1	NULL	0	0	0	0	0	0	0
11152	1011	2	17250	1374356230	1374417345	1	NULL	0	0	0	0	0	0	0
11153	1014	2	17250	1374356230	1374417345	1	NULL	0	0	0	0	0	0	0
11154	1010	1	17252	1374356273	1374417345	1	NULL	0	0	0	0	0	0	0
11155	1013	1	17252	1374356278	1374417351	1	NULL	0	0	0	0	0	0	0
11156	1012	1	17252	1374356278	1374417351	1	NULL	0	0	0	0	0	0	0
11157	1014	1	17252	1374356278	1374417351	1	NULL	0	0	0	0	0	0	0
11158	1011	1	17252	1374356278	1374417351	1	NULL	0	0	0	0	0	0	0
11159	1026	1	16952	1374363133	1374380962	1	NULL	0	0	0	0	0	0	0
11160	1030	1	16952	1374363137	1374380968	1	NULL	0	0	0	0	0	0	0
11161	1027	1	16952	1374363138	1374380968	1	NULL	0	0	0	0	0	0	0
11162	1029	1	16952	1374363138	1374380968	1	NULL	0	0	0	0	0	0	0
11163	1028	1	16952	1374363138	1374380967	1	NULL	0	0	0	0	0	0	0
11164	1026	1	16954	1374380962	1374400462	1	NULL	0	0	0	0	0	0	0
11165	1028	1	16954	1374380967	1374400467	1	NULL	0	0	0	0	0	0	0
11166	1030	1	16954	1374380968	1374400467	1	NULL	0	0	0	0	0	0	0
11167	1029	1	16954	1374380968	1374400467	1	NULL	0	0	0	0	0	0	0
11168	1027	1	16954	1374380968	1374400466	1	NULL	0	0	0	0	0	0	0
11169	1026	1	17274	1374400462	1374417137	1	NULL	0	0	0	0	0	0	0
11170	1027	1	17274	1374400466	1374417141	1	NULL	0	0	0	0	0	0	0
11171	1030	1	17274	1374400467	1374417141	1	NULL	0	0	0	0	0	0	0
11172	1028	1	17274	1374400467	1374417141	1	NULL	0	0	0	0	0	0	0
11173	1029	1	17274	1374400467	1374417141	1	NULL	0	0	0	0	0	0	0
11174	1026	1	17276	1374417137	1374438097	1	NULL	0	0	0	0	0	0	0
11175	1028	1	17276	1374417141	1374438101	1	NULL	0	0	0	0	0	0	0
11176	1027	1	17276	1374417141	1374438102	1	NULL	0	0	0	0	0	0	0
11177	1030	1	17276	1374417141	1374438101	1	NULL	0	0	0	0	0	0	0
11178	1029	1	17276	1374417141	1374438102	1	NULL	0	0	0	0	0	0	0
11179	1010	2	-1	1374417333	1374417406	1	NULL	0	0	0	0	0	0	0
11180	1010	1	17309	1374417345	1374467934	1	NULL	0	0	0	0	0	0	0
11181	1014	2	-1	1374417345	1374417411	1	NULL	0	0	0	0	0	0	0
11182	1012	2	-1	1374417345	1374417411	1	NULL	0	0	0	0	0	0	0
11183	1011	2	-1	1374417345	1374417411	1	NULL	0	0	0	0	0	0	0
11184	1013	2	-1	1374417345	1374417411	1	NULL	0	0	0	0	0	0	0
11185	1011	1	17309	1374417351	1374467948	1	NULL	0	0	0	0	0	0	0
11186	1014	1	17309	1374417351	1374467948	1	NULL	0	0	0	0	0	0	0
11187	1012	1	17309	1374417351	1374467948	1	NULL	0	0	0	0	0	0	0
11188	1013	1	17309	1374417351	1374467948	1	NULL	0	0	0	0	0	0	0
11189	1010	2	17307	1374417406	1374467948	1	NULL	0	0	0	0	0	0	0
11190	1013	2	17307	1374417411	1374467953	1	NULL	0	0	0	0	0	0	0
11191	1011	2	17307	1374417411	1374467953	1	NULL	0	0	0	0	0	0	0
11192	1012	2	17307	1374417411	1374467952	1	NULL	0	0	0	0	0	0	0
11193	1014	2	17307	1374417411	1374467953	1	NULL	0	0	0	0	0	0	0
11194	1026	1	17274	1374438097	1374438165	1	NULL	0	0	0	0	0	0	0
11195	1030	1	17274	1374438101	1374438169	1	NULL	0	0	0	0	0	0	0
11196	1028	1	17274	1374438101	1374438169	1	NULL	0	0	0	0	0	0	0
11197	1027	1	17274	1374438102	1374438169	1	NULL	0	0	0	0	0	0	0
11198	1029	1	17274	1374438102	1374438169	1	NULL	0	0	0	0	0	0	0
11199	1026	1	17343	1374438165	1374474870	1	NULL	0	0	0	0	0	0	0
11200	1028	1	17343	1374438169	1374474877	1	NULL	0	0	0	0	0	0	0
11201	1030	1	17343	1374438169	1374474877	1	NULL	0	0	0	0	0	0	0
11202	1029	1	17343	1374438169	1374474875	1	NULL	0	0	0	0	0	0	0
11203	1027	1	17343	1374438169	1374474877	1	NULL	0	0	0	0	0	0	0
11204	1010	1	-1	1374467934	1374467987	1	NULL	0	0	0	0	0	0	0
11205	1010	2	17315	1374467948	1374612146	1	NULL	0	0	0	0	0	0	0
11206	1012	1	-1	1374467948	1374467992	1	NULL	0	0	0	0	0	0	0
11207	1011	1	-1	1374467948	1374467991	1	NULL	0	0	0	0	0	0	0
11208	1013	1	-1	1374467948	1374467992	1	NULL	0	0	0	0	0	0	0
11209	1014	1	-1	1374467948	1374467992	1	NULL	0	0	0	0	0	0	0
11210	1012	2	17315	1374467952	1374612150	1	NULL	0	0	0	0	0	0	0
11211	1011	2	17315	1374467953	1374612150	1	NULL	0	0	0	0	0	0	0
11212	1014	2	17315	1374467953	1374612151	1	NULL	0	0	0	0	0	0	0
11213	1013	2	17315	1374467953	1374612150	1	NULL	0	0	0	0	0	0	0
11214	1010	1	17317	1374467987	1374612131	1	NULL	0	0	0	0	0	0	0
11215	1011	1	17317	1374467991	1374612146	1	NULL	0	0	0	0	0	0	0
11216	1012	1	17317	1374467992	1374612146	1	NULL	0	0	0	0	0	0	0
11217	1013	1	17317	1374467992	1374612146	1	NULL	0	0	0	0	0	0	0
11218	1014	1	17317	1374467992	1374612146	1	NULL	0	0	0	0	0	0	0
11219	1026	1	17345	1374474870	1374499171	1	NULL	0	0	0	0	0	0	0
11220	1029	1	17345	1374474875	1374499175	1	NULL	0	0	0	0	0	0	0
11221	1027	1	17345	1374474877	1374499175	1	NULL	0	0	0	0	0	0	0
11222	1030	1	17345	1374474877	1374499175	1	NULL	0	0	0	0	0	0	0
11223	1028	1	17345	1374474877	1374499175	1	NULL	0	0	0	0	0	0	0
11224	1026	1	17343	1374499171	1374577034	1	NULL	0	0	0	0	0	0	0
11225	1030	1	17343	1374499175	1374577038	1	NULL	0	0	0	0	0	0	0
11226	1027	1	17343	1374499175	1374577039	1	NULL	0	0	0	0	0	0	0
11227	1028	1	17343	1374499175	1374577039	1	NULL	0	0	0	0	0	0	0
11228	1029	1	17343	1374499175	1374577039	1	NULL	0	0	0	0	0	0	0
11229	1026	1	17345	1374577034	1374653967	1	NULL	0	0	0	0	0	0	0
11230	1030	1	17345	1374577038	1374653972	1	NULL	0	0	0	0	0	0	0
11231	1028	1	17345	1374577039	1374653972	1	NULL	0	0	0	0	0	0	0
11232	1029	1	17345	1374577039	1374653971	1	NULL	0	0	0	0	0	0	0
11233	1027	1	17345	1374577039	1374653972	1	NULL	0	0	0	0	0	0	0
11234	1010	1	-1	1374612131	1374612178	1	NULL	0	0	0	0	0	0	0
11235	1010	2	17335	1374612146	1374662428	1	NULL	0	0	0	0	0	0	0
11236	1013	1	-1	1374612146	1374612183	1	NULL	0	0	0	0	0	0	0
11237	1011	1	-1	1374612146	1374612183	1	NULL	0	0	0	0	0	0	0
11238	1014	1	-1	1374612146	1374612183	1	NULL	0	0	0	0	0	0	0
11239	1012	1	-1	1374612146	1374612183	1	NULL	0	0	0	0	0	0	0
11240	1012	2	17335	1374612150	1374662442	1	NULL	0	0	0	0	0	0	0
11241	1013	2	17335	1374612150	1374662442	1	NULL	0	0	0	0	0	0	0
11242	1011	2	17335	1374612150	1374662441	1	NULL	0	0	0	0	0	0	0
11243	1014	2	17335	1374612151	1374662440	1	NULL	0	0	0	0	0	0	0
11244	1010	1	17337	1374612178	1374662439	1	NULL	0	0	0	0	0	0	0
11245	1013	1	17337	1374612183	1374662444	1	NULL	0	0	0	0	0	0	0
11246	1011	1	17337	1374612183	1374662444	1	NULL	0	0	0	0	0	0	0
11247	1012	1	17337	1374612183	1374662444	1	NULL	0	0	0	0	0	0	0
11248	1014	1	17337	1374612183	1374662444	1	NULL	0	0	0	0	0	0	0
11249	1026	1	17323	1374653967	1374680870	1	NULL	0	0	0	0	0	0	0
11250	1029	1	17323	1374653971	1374680874	1	NULL	0	0	0	0	0	0	0
11251	1027	1	17323	1374653972	1374680874	1	NULL	0	0	0	0	0	0	0
11252	1030	1	17323	1374653972	1374680874	1	NULL	0	0	0	0	0	0	0
11253	1028	1	17323	1374653972	1374680874	1	NULL	0	0	0	0	0	0	0
11254	1010	2	-1	1374662428	1374662489	1	NULL	0	0	0	0	0	0	0
11255	1010	1	17313	1374662439	1374800866	1	NULL	0	0	0	0	0	0	0
11256	1014	2	-1	1374662440	1374662494	1	NULL	0	0	0	0	0	0	0
11257	1011	2	-1	1374662441	1374662495	1	NULL	0	0	0	0	0	0	0
11258	1013	2	-1	1374662442	1374662495	1	NULL	0	0	0	0	0	0	0
11259	1012	2	-1	1374662442	1374662495	1	NULL	0	0	0	0	0	0	0
11260	1014	1	17313	1374662444	1374800882	1	NULL	0	0	0	0	0	0	0
11261	1013	1	17313	1374662444	1374800880	1	NULL	0	0	0	0	0	0	0
11262	1011	1	17313	1374662444	1374800882	1	NULL	0	0	0	0	0	0	0
11263	1012	1	17313	1374662444	1374800880	1	NULL	0	0	0	0	0	0	0
11264	1010	2	17311	1374662489	1374800879	1	NULL	0	0	0	0	0	0	0
11265	1014	2	17311	1374662494	1374800884	1	NULL	0	0	0	0	0	0	0
11266	1012	2	17311	1374662495	1374800884	1	NULL	0	0	0	0	0	0	0
11267	1013	2	17311	1374662495	1374800884	1	NULL	0	0	0	0	0	0	0
11268	1011	2	17311	1374662495	1374800884	1	NULL	0	0	0	0	0	0	0
11269	1026	1	17329	1374680870	1374788986	1	NULL	0	0	0	0	0	0	0
11270	1027	1	17329	1374680874	1374788991	1	NULL	0	0	0	0	0	0	0
11271	1030	1	17329	1374680874	1374788990	1	NULL	0	0	0	0	0	0	0
11272	1028	1	17329	1374680874	1374788991	1	NULL	0	0	0	0	0	0	0
11273	1029	1	17329	1374680874	1374788991	1	NULL	0	0	0	0	0	0	0
11274	1026	1	17325	1374788986	1374875242	1	NULL	0	0	0	0	0	0	0
11275	1030	1	17325	1374788990	1374875246	1	NULL	0	0	0	0	0	0	0
11276	1029	1	17325	1374788991	1374875246	1	NULL	0	0	0	0	0	0	0
11277	1028	1	17325	1374788991	1374875246	1	NULL	0	0	0	0	0	0	0
11278	1027	1	17325	1374788991	1374875246	1	NULL	0	0	0	0	0	0	0
11279	1010	1	-1	1374800866	1374800927	1	NULL	0	0	0	0	0	0	0
11280	1010	2	17319	1374800879	1374861920	1	NULL	0	0	0	0	0	0	0
11281	1013	1	-1	1374800880	1374800932	1	NULL	0	0	0	0	0	0	0
11282	1012	1	-1	1374800880	1374800931	1	NULL	0	0	0	0	0	0	0
11283	1014	1	-1	1374800882	1374800932	1	NULL	0	0	0	0	0	0	0
11284	1011	1	-1	1374800882	1374800932	1	NULL	0	0	0	0	0	0	0
11285	1011	2	17319	1374800884	1374861944	1	NULL	0	0	0	0	0	0	0
11286	1012	2	17319	1374800884	1374861944	1	NULL	0	0	0	0	0	0	0
11287	1013	2	17319	1374800884	1374861944	1	NULL	0	0	0	0	0	0	0
11288	1014	2	17319	1374800884	1374861944	1	NULL	0	0	0	0	0	0	0
11289	1010	1	17321	1374800927	1374861944	1	NULL	0	0	0	0	0	0	0
11290	1012	1	17321	1374800931	1374861949	1	NULL	0	0	0	0	0	0	0
11291	1013	1	17321	1374800932	1374861949	1	NULL	0	0	0	0	0	0	0
11292	1011	1	17321	1374800932	1374861949	1	NULL	0	0	0	0	0	0	0
11293	1014	1	17321	1374800932	1374861949	1	NULL	0	0	0	0	0	0	0
11294	1010	2	-1	1374861920	1374861993	1	NULL	0	0	0	0	0	0	0
11295	1010	1	17341	1374861944	1375005885	1	NULL	0	0	0	0	0	0	0
11296	1011	2	-1	1374861944	1374861997	1	NULL	0	0	0	0	0	0	0
11297	1012	2	-1	1374861944	1374861998	1	NULL	0	0	0	0	0	0	0
11298	1014	2	-1	1374861944	1374861997	1	NULL	0	0	0	0	0	0	0
11299	1013	2	-1	1374861944	1374861998	1	NULL	0	0	0	0	0	0	0
11300	1014	1	17341	1374861949	1375005889	1	NULL	0	0	0	0	0	0	0
11301	1011	1	17341	1374861949	1375005890	1	NULL	0	0	0	0	0	0	0
11302	1012	1	17341	1374861949	1375005890	1	NULL	0	0	0	0	0	0	0
11303	1013	1	17341	1374861949	1375005890	1	NULL	0	0	0	0	0	0	0
11304	1010	2	17339	1374861993	1375005872	1	NULL	0	0	0	0	0	0	0
11305	1011	2	17339	1374861997	1375005885	1	NULL	0	0	0	0	0	0	0
11306	1014	2	17339	1374861997	1375005887	1	NULL	0	0	0	0	0	0	0
11307	1012	2	17339	1374861998	1375005886	1	NULL	0	0	0	0	0	0	0
11308	1013	2	17339	1374861998	1375005885	1	NULL	0	0	0	0	0	0	0
11309	1026	1	17347	1374875242	1374908546	1	NULL	0	0	0	0	0	0	0
11310	1030	1	17347	1374875246	1374908677	1	NULL	0	0	0	0	0	0	0
11311	1028	1	17347	1374875246	1374908550	1	NULL	0	0	0	0	0	0	0
11312	1027	1	17347	1374875246	1374908551	1	NULL	0	0	0	0	0	0	0
11313	1029	1	17347	1374875246	1374908550	1	NULL	0	0	0	0	0	0	0
11314	1026	1	17349	1374908546	1374944694	1	NULL	0	0	0	0	0	0	0
11315	1029	1	17349	1374908550	1374944699	1	NULL	0	0	0	0	0	0	0
11316	1028	1	17349	1374908550	1374944698	1	NULL	0	0	0	0	0	0	0
11317	1027	1	17349	1374908551	1374944698	1	NULL	0	0	0	0	0	0	0
11318	1030	1	17349	1374908677	1374944699	1	NULL	0	0	0	0	0	0	0
11319	1026	1	17351	1374944694	1374953506	1	NULL	0	0	0	0	0	0	0
11320	1027	1	17351	1374944698	1374953510	1	NULL	0	0	0	0	0	0	0
11321	1028	1	17351	1374944698	1374953510	1	NULL	0	0	0	0	0	0	0
11322	1029	1	17351	1374944699	1374953510	1	NULL	0	0	0	0	0	0	0
11323	1030	1	17351	1374944699	1374953510	1	NULL	0	0	0	0	0	0	0
11324	1026	1	17353	1374953506	1374964227	1	NULL	0	0	0	0	0	0	0
11325	1030	1	17353	1374953510	1374964231	1	NULL	0	0	0	0	0	0	0
11326	1028	1	17353	1374953510	1374964231	1	NULL	0	0	0	0	0	0	0
11327	1029	1	17353	1374953510	1374964231	1	NULL	0	0	0	0	0	0	0
11328	1027	1	17353	1374953510	1374964231	1	NULL	0	0	0	0	0	0	0
11329	1026	1	17333	1374964227	1375000741	1	NULL	0	0	0	0	0	0	0
11330	1029	1	17333	1374964231	1375000745	1	NULL	0	0	0	0	0	0	0
11331	1028	1	17333	1374964231	1375000745	1	NULL	0	0	0	0	0	0	0
11332	1027	1	17333	1374964231	1375000744	1	NULL	0	0	0	0	0	0	0
11333	1030	1	17333	1374964231	1375000745	1	NULL	0	0	0	0	0	0	0
11334	1026	1	17329	1375000741	1375070306	1	NULL	0	0	0	0	0	0	0
11335	1027	1	17329	1375000744	1375070310	1	NULL	0	0	0	0	0	0	0
11336	1029	1	17329	1375000745	1375070310	1	NULL	0	0	0	0	0	0	0
11337	1030	1	17329	1375000745	1375070310	1	NULL	0	0	0	0	0	0	0
11338	1028	1	17329	1375000745	1375070311	1	NULL	0	0	0	0	0	0	0
11339	1010	2	-1	1375005872	1375005915	1	NULL	0	0	0	0	0	0	0
11340	1010	1	17317	1375005885	1375123455	1	NULL	0	0	0	0	0	0	0
11341	1011	2	-1	1375005885	1375005920	1	NULL	0	0	0	0	0	0	0
11342	1013	2	-1	1375005885	1375005920	1	NULL	0	0	0	0	0	0	0
11343	1012	2	-1	1375005886	1375005920	1	NULL	0	0	0	0	0	0	0
11344	1014	2	-1	1375005887	1375005920	1	NULL	0	0	0	0	0	0	0
11345	1014	1	17317	1375005889	1375123469	1	NULL	0	0	0	0	0	0	0
11346	1012	1	17317	1375005890	1375123469	1	NULL	0	0	0	0	0	0	0
11347	1013	1	17317	1375005890	1375123469	1	NULL	0	0	0	0	0	0	0
11348	1011	1	17317	1375005890	1375123469	1	NULL	0	0	0	0	0	0	0
11349	1010	2	17315	1375005915	1375123468	1	NULL	0	0	0	0	0	0	0
11350	1014	2	17315	1375005920	1375123473	1	NULL	0	0	0	0	0	0	0
11351	1011	2	17315	1375005920	1375123474	1	NULL	0	0	0	0	0	0	0
11352	1013	2	17315	1375005920	1375123473	1	NULL	0	0	0	0	0	0	0
11353	1012	2	17315	1375005920	1375123473	1	NULL	0	0	0	0	0	0	0
11354	1026	1	17343	1375070306	1375139918	1	NULL	0	0	0	0	0	0	0
11355	1027	1	17343	1375070310	1375139924	1	NULL	0	0	0	0	0	0	0
11356	1029	1	17343	1375070310	1375139923	1	NULL	0	0	0	0	0	0	0
11357	1030	1	17343	1375070310	1375139923	1	NULL	0	0	0	0	0	0	0
11358	1028	1	17343	1375070311	1375139924	1	NULL	0	0	0	0	0	0	0
11359	1010	1	-1	1375123455	1375123528	1	NULL	0	0	0	0	0	0	0
11360	1010	2	17311	1375123468	1375167035	1	NULL	0	0	0	0	0	0	0
11361	1013	1	-1	1375123469	1375123532	1	NULL	0	0	0	0	0	0	0
11362	1014	1	-1	1375123469	1375123532	1	NULL	0	0	0	0	0	0	0
11363	1011	1	-1	1375123469	1375123533	1	NULL	0	0	0	0	0	0	0
11364	1012	1	-1	1375123469	1375123532	1	NULL	0	0	0	0	0	0	0
11365	1012	2	17311	1375123473	1375167046	1	NULL	0	0	0	0	0	0	0
11366	1013	2	17311	1375123473	1375167046	1	NULL	0	0	0	0	0	0	0
11367	1014	2	17311	1375123473	1375167046	1	NULL	0	0	0	0	0	0	0
11368	1011	2	17311	1375123474	1375167046	1	NULL	0	0	0	0	0	0	0
11369	1010	1	17313	1375123528	1375167046	1	NULL	0	0	0	0	0	0	0
11370	1012	1	17313	1375123532	1375167051	1	NULL	0	0	0	0	0	0	0
11371	1013	1	17313	1375123532	1375167050	1	NULL	0	0	0	0	0	0	0
11372	1014	1	17313	1375123532	1375167051	1	NULL	0	0	0	0	0	0	0
11373	1011	1	17313	1375123533	1375167050	1	NULL	0	0	0	0	0	0	0
11374	1026	1	17345	1375139918	1375263930	1	NULL	0	0	0	0	0	0	0
11375	1029	1	17345	1375139923	1375263931	1	NULL	0	0	0	0	0	0	0
11376	1030	1	17345	1375139923	1375263931	1	NULL	0	0	0	0	0	0	0
11377	1028	1	17345	1375139924	1375263930	1	NULL	0	0	0	0	0	0	0
11378	1027	1	17345	1375139924	1375263931	1	NULL	0	0	0	0	0	0	0
11379	1010	2	-1	1375167035	1375167090	1	NULL	0	0	0	0	0	0	0
11380	1010	1	17341	1375167046	1375269239	1	NULL	0	0	0	0	0	0	0
11381	1012	2	-1	1375167046	1375167095	1	NULL	0	0	0	0	0	0	0
11382	1013	2	-1	1375167046	1375167094	1	NULL	0	0	0	0	0	0	0
11383	1014	2	-1	1375167046	1375167094	1	NULL	0	0	0	0	0	0	0
11384	1011	2	-1	1375167046	1375167094	1	NULL	0	0	0	0	0	0	0
11385	1011	1	17341	1375167050	1375269240	1	NULL	0	0	0	0	0	0	0
11386	1013	1	17341	1375167050	1375269240	1	NULL	0	0	0	0	0	0	0
11387	1014	1	17341	1375167051	1375269240	1	NULL	0	0	0	0	0	0	0
11388	1012	1	17341	1375167051	1375269241	1	NULL	0	0	0	0	0	0	0
11389	1010	2	17339	1375167090	1375269260	1	NULL	0	0	0	0	0	0	0
11390	1011	2	17339	1375167094	1375269262	1	NULL	0	0	0	0	0	0	0
11391	1013	2	17339	1375167094	1375269261	1	NULL	0	0	0	0	0	0	0
11392	1014	2	17339	1375167094	1375269261	1	NULL	0	0	0	0	0	0	0
11393	1012	2	17339	1375167095	1375269263	1	NULL	0	0	0	0	0	0	0
11394	1026	1	17323	1375263930	1375320457	1	NULL	0	0	0	0	0	0	0
11395	1028	1	17323	1375263930	1375320459	1	NULL	0	0	0	0	0	0	0
11396	1029	1	17323	1375263931	1375320459	1	NULL	0	0	0	0	0	0	0
11397	1027	1	17323	1375263931	1375320459	1	NULL	0	0	0	0	0	0	0
11398	1030	1	17323	1375263931	1375320459	1	NULL	0	0	0	0	0	0	0
11399	1010	1	17309	1375269239	1375349566	1	NULL	0	0	0	0	0	0	0
11400	1011	1	17309	1375269240	1375349566	1	NULL	0	0	0	0	0	0	0
11409	1026	1	17325	1375320457	1375346968	1	NULL	0	0	0	0	0	0	0
11410	1027	1	17325	1375320459	1375346970	1	NULL	0	0	0	0	0	0	0
11411	1028	1	17325	1375320459	1375346970	1	NULL	0	0	0	0	0	0	0
11412	1030	1	17325	1375320459	1375346970	1	NULL	0	0	0	0	0	0	0
11413	1029	1	17325	1375320459	1375346969	1	NULL	0	0	0	0	0	0	0
11414	1026	1	17343	1375346968	1375494442	1	NULL	0	0	0	0	0	0	0
11415	1029	1	17343	1375346969	1375494445	1	NULL	0	0	0	0	0	0	0
11416	1027	1	17343	1375346970	1375494444	1	NULL	0	0	0	0	0	0	0
11417	1028	1	17343	1375346970	1375494445	1	NULL	0	0	0	0	0	0	0
11418	1030	1	17343	1375346970	1375494445	1	NULL	0	0	0	0	0	0	0
11439	1026	1	17345	1375494442	1375623593	1	NULL	0	0	0	0	0	0	0
11440	1027	1	17345	1375494444	1375623595	1	NULL	0	0	0	0	0	0	0
11441	1030	1	17345	1375494445	1375623594	1	NULL	0	0	0	0	0	0	0
11442	1028	1	17345	1375494445	1375623595	1	NULL	0	0	0	0	0	0	0
11443	1029	1	17345	1375494445	1375623594	1	NULL	0	0	0	0	0	0	0
END DATA:
END TABLE: product_run_history
